/*--------------------------------*- C++ -*----------------------------------*\
| =========                 |                                                 |
| \\      /  F ield         | OpenFOAM: The Open Source CFD Toolbox           |
|  \\    /   O peration     | Version:  2312                                  |
|   \\  /    A nd           | Website:  www.openfoam.com                      |
|    \\/     M anipulation  |                                                 |
\*---------------------------------------------------------------------------*/
FoamFile
{
    version     2.0;
    format      ascii;
    arch        "LSB;label=32;scalar=64";
    class       volScalarField;
    location    "0";
    object      cellSignedDist0;
}
// * * * * * * * * * * * * * * * * * * * * * * * * * * * * * * * * * * * * * //

dimensions      [0 1 0 0 0 0 0];

internalField   nonuniform List<scalar> 
1300
(
1
1
1
1
1
1
1
1
1
1
1
-0.0004018589806312
-0.000306266765225
-0.00021076349736308
-0.00011537202556932
-2.0123712379381e-05
7.4937220533043e-05
0.00016974640764889
0.00026420652793798
0.00035816344470996
1
1
1
1
1
1
1
1
1
1
1
1
0.00035816344470996
0.00026420652793798
0.00016974640764889
7.4937220533044e-05
-2.0123712379381e-05
-0.00011537202556932
-0.00021076349736308
-0.000306266765225
-0.0004018589806312
1
1
1
1
1
1
1
1
1
1
1
1
1
1
1
1
1
1
1
1
1
1
-0.00041519948773388
-0.00032057330369702
-0.00022618482907462
-0.0001320935226069
-3.8380169814782e-05
5.4842799074664e-05
0.00014741451096221
0.00023909723220705
0.00032952617335762
0.00041811650079218
1
1
1
1
1
1
1
1
1
1
0.00041811650079218
0.00032952617335762
0.00023909723220705
0.00014741451096221
5.4842799074665e-05
-3.8380169814781e-05
-0.0001320935226069
-0.00022618482907462
-0.00032057330369702
-0.00041519948773388
1
1
1
1
1
1
1
1
1
1
1
1
1
1
1
1
1
1
1
1
1
1
1
-0.00034219776446809
-0.00024944396575383
-0.00015724532076582
-6.5745919800053e-05
2.4857383268016e-05
0.00011428954808939
0.00020215665037499
0.00028787912492446
0.00037058011220154
1
1
1
1
1
1
1
1
1
1
0.00037058011220154
0.00028787912492446
0.00020215665037499
0.00011428954808939
2.4857383268016e-05
-6.5745919800053e-05
-0.00015724532076582
-0.00024944396575383
-0.00034219776446809
1
1
1
1
1
1
1
1
1
1
1
1
1
1
1
1
1
1
1
1
1
1
1
1
-0.00037079386759973
-0.00028011374965842
-0.0001902931239574
-0.00010154226159342
-1.4142056850413e-05
7.1525986831305e-05
0.00015493491431326
0.00023534509141427
0.00031170472639854
0.00038250930180258
1
1
1
1
1
1
1
1
0.00038250930180258
0.00031170472639854
0.00023534509141427
0.00015493491431326
7.1525986831305e-05
-1.4142056850413e-05
-0.00010154226159342
-0.0001902931239574
-0.00028011374965842
-0.00037079386759973
1
1
1
1
1
1
1
1
1
1
1
1
1
1
1
1
1
1
1
1
1
1
1
1
-0.00040593627734507
-0.0003176768194707
-0.00023060095459338
-0.00014497875202216
-6.1162145941266e-05
2.0385289189944e-05
9.9047177954017e-05
0.00017399871808203
0.00024413534798352
0.00030799150954181
0.00036367362633253
0.00040886728982086
0.00044102269051148
1
1
0.00044102269051148
0.00040886728982086
0.00036367362633253
0.00030799150954181
0.00024413534798352
0.00017399871808203
9.9047177954018e-05
2.0385289189945e-05
-6.1162145941265e-05
-0.00014497875202216
-0.00023060095459338
-0.0003176768194707
-0.00040593627734507
1
1
1
1
1
1
1
1
1
1
1
1
1
1
1
1
1
1
1
1
1
1
1
1
1
-0.00036156277456322
-0.00027748177989044
-0.00019522271191946
-0.00011518881293015
-3.789497066965e-05
3.5999493745721e-05
0.00010565157447669
0.00016999255384432
0.00022769388234192
0.00027716375137194
0.00031661221144242
0.00034422822489153
0.00035848188118452
0.00035848188118452
0.00034422822489153
0.00031661221144242
0.00027716375137194
0.00022769388234192
0.00016999255384432
0.0001056515744767
3.5999493745721e-05
-3.7894970669649e-05
-0.00011518881293015
-0.00019522271191946
-0.00027748177989043
-0.00036156277456322
1
1
1
1
1
1
1
1
1
1
1
1
1
1
1
1
1
1
1
1
1
1
1
1
1
1
1
-0.00033024083776507
-0.00025145448163088
-0.00017525617504885
-0.00010218281543818
-3.289784807811e-05
3.1785098884602e-05
9.0883203774253e-05
0.00014323998232995
0.00018755109032225
0.00022243980422381
0.00024659598518803
0.00025896930881748
0.00025896930881748
0.00024659598518803
0.00022243980422381
0.00018755109032225
0.00014323998232995
9.0883203774253e-05
3.1785098884602e-05
-3.289784807811e-05
-0.00010218281543818
-0.00017525617504885
-0.00025145448163088
-0.00033024083776507
1
1
1
1
1
1
1
1
1
1
1
1
1
1
1
1
1
1
1
1
1
1
1
1
1
1
1
1
1
-0.00031290491205566
-0.00024048702754053
-0.0001714896274202
-0.00010655273397623
-4.6432550739791e-05
7.9947894866422e-06
5.5744358563914e-05
9.5757654529245e-05
0.0001269703060254
0.00014841406890398
0.00015934104787951
0.00015934104787951
0.00014841406890398
0.0001269703060254
9.5757654529245e-05
5.5744358563914e-05
7.9947894866426e-06
-4.6432550739791e-05
-0.00010655273397623
-0.0001714896274202
-0.00024048702754053
-0.00031290491205566
1
1
1
1
1
1
1
1
1
1
1
1
1
1
1
1
1
1
1
1
1
1
1
1
1
1
1
1
1
1
1
-0.0003101103213097
-0.0002449774839968
-0.00018407767548255
-0.00012809665887001
-7.7801153363429e-05
-3.402113367656e-05
2.385240762579e-06
3.0586860483482e-05
4.985286058076e-05
5.9633867960882e-05
5.9633867960882e-05
4.985286058076e-05
3.0586860483482e-05
2.3852407625791e-06
-3.4021133676561e-05
-7.7801153363428e-05
-0.00012809665887001
-0.00018407767548255
-0.0002449774839968
-0.0003101103213097
1
1
1
1
1
1
1
1
1
1
1
1
1
1
1
1
1
1
1
1
1
1
1
1
1
1
1
1
1
1
1
1
1
-0.00032194928955875
-0.00026476121464965
-0.00021251105572673
-0.00016586290561859
-0.00012551352430597
-9.2161250161451e-05
-6.6462762394055e-05
-4.8980731497223e-05
-4.0129535582996e-05
-4.0129535582996e-05
-4.8980731497223e-05
-6.6462762394055e-05
-9.216125016145e-05
-0.00012551352430597
-0.00016586290561859
-0.00021251105572673
-0.00026476121464964
-0.00032194928955875
1
1
1
1
1
1
1
1
1
1
1
1
1
1
1
1
1
1
1
1
1
1
1
1
1
1
1
1
1
1
1
1
1
1
1
-0.00034803631946173
-0.00029913973411848
-0.00025571386199377
-0.00021834382745657
-0.00018760144192406
-0.00016401194670804
-0.00014801636031824
-0.00013993440131351
-0.00013993440131351
-0.00014801636031824
-0.00016401194670804
-0.00018760144192406
-0.00021834382745657
-0.00025571386199377
-0.00029913973411848
-0.00034803631946173
1
1
1
1
1
1
1
1
1
1
1
1
1
1
1
1
1
1
1
1
1
1
1
1
1
1
1
1
1
1
1
1
1
1
1
1
1
-0.00038756802978136
-0.00034699602512747
-0.00031222813199817
-0.0002837360216828
-0.00026194484847196
-0.00024720589802335
-0.00023977071581961
-0.00023977071581961
-0.00024720589802335
-0.00026194484847196
-0.0002837360216828
-0.00031222813199817
-0.00034699602512747
-0.00038756802978136
1
1
1
1
1
1
1
1
1
1
1
1
1
1
1
1
1
1
1
1
1
1
1
1
1
1
1
1
1
1
1
1
1
1
1
1
1
1
1
1
-0.00040695545733093
-0.00038041992229607
-0.00036017858720494
-0.00034651533246752
-0.00033963144793997
-0.00033963144793998
-0.00034651533246752
-0.00036017858720494
-0.00038041992229607
-0.00040695545733093
1
1
1
1
1
1
1
1
1
1
1
1
1
1
1
1
1
1
1
1
1
1
1
1
1
1
1
1
1
1
1
1
1
1
1
1
1
1
1
1
1
1
1
1
1
-0.00044591995942929
-0.00043951151604134
-0.00043951151604134
-0.00044591995942929
1
1
1
1
1
1
1
1
1
1
1
1
1
1
1
1
1
1
1
1
1
1
1
1
1
1
1
1
1
1
1
1
1
1
1
1
1
1
1
1
1
1
1
1
1
1
1
1
1
1
1
1
1
1
1
1
1
1
1
1
1
1
1
1
1
1
1
1
1
1
1
1
1
1
1
1
1
1
1
1
1
1
1
1
1
1
1
1
1
1
1
1
1
1
1
1
1
1
1
1
1
1
1
1
1
1
1
1
1
1
1
1
1
1
1
1
1
1
1
1
1
1
1
1
1
1
1
1
1
1
1
1
1
1
1
1
1
1
1
1
1
1
1
1
1
1
1
1
1
1
1
1
1
1
1
1
1
1
1
1
1
1
1
1
1
1
1
1
1
1
1
1
1
1
1
1
1
1
1
1
1
1
1
1
1
1
1
1
1
1
1
1
1
1
1
1
1
1
1
1
1
1
1
1
1
1
1
1
1
1
1
1
1
1
1
1
1
1
1
1
1
1
1
1
1
1
1
1
1
1
1
1
1
1
1
1
1
1
1
1
1
1
1
1
1
1
1
1
1
1
1
1
1
1
1
1
1
1
1
1
1
1
1
1
1
1
1
1
1
1
1
1
1
1
1
1
1
1
1
1
1
1
1
1
1
1
1
1
1
1
1
1
1
1
1
1
1
1
1
1
1
1
1
1
1
1
1
1
1
1
1
1
1
1
1
1
1
1
1
1
1
1
1
1
1
1
1
1
1
1
1
1
1
1
1
1
1
1
1
1
1
1
1
1
1
1
1
1
1
1
1
1
1
1
1
1
1
1
1
1
1
1
1
1
1
1
1
1
1
1
1
1
1
1
1
1
1
1
1
1
1
1
1
1
1
1
1
1
1
1
1
1
1
1
1
1
1
1
1
1
1
1
1
1
1
1
1
1
1
1
1
1
1
1
1
1
1
1
1
1
1
1
1
1
1
1
1
1
1
1
1
1
1
1
1
1
1
1
1
1
1
1
1
1
1
1
1
1
1
1
1
1
1
1
1
1
1
1
1
1
1
1
1
1
1
1
1
1
1
1
1
1
1
1
1
1
1
1
1
1
1
1
1
1
1
1
1
1
1
1
1
1
1
1
1
1
1
1
1
1
1
1
1
1
1
1
1
1
1
1
1
1
1
1
1
1
1
1
1
1
1
1
1
1
1
1
1
1
1
1
1
1
1
1
1
1
1
1
1
1
1
1
1
1
1
1
1
1
1
1
1
1
1
1
1
1
1
1
1
1
1
1
1
1
1
1
1
1
1
1
1
1
1
1
1
1
1
1
1
1
1
1
1
1
1
1
1
1
1
1
1
1
1
1
1
1
)
;

boundaryField
{
    front
    {
        type            empty;
    }
    back
    {
        type            empty;
    }
    left
    {
        type            zeroGradient;
    }
    right
    {
        type            zeroGradient;
    }
    top
    {
        type            zeroGradient;
    }
    bottomRemainder
    {
        type            zeroGradient;
    }
}


// ************************************************************************* //
