/*--------------------------------*- C++ -*----------------------------------*\
| =========                 |                                                 |
| \\      /  F ield         | OpenFOAM: The Open Source CFD Toolbox           |
|  \\    /   O peration     | Version:  2312                                  |
|   \\  /    A nd           | Website:  www.openfoam.com                      |
|    \\/     M anipulation  |                                                 |
\*---------------------------------------------------------------------------*/
FoamFile
{
    version     2.0;
    format      ascii;
    arch        "LSB;label=32;scalar=64";
    class       pointScalarField;
    location    "0";
    object      pointLevelSetValues;
}
// * * * * * * * * * * * * * * * * * * * * * * * * * * * * * * * * * * * * * //

dimensions      [0 0 0 0 0 0 0];

internalField   nonuniform List<scalar> 
2756
(
-5.2577272789211e-06
-4.786203610282e-06
-4.3331710659034e-06
-3.898629645785e-06
-3.482579349927e-06
-3.0850201783294e-06
-2.7059521309921e-06
-2.3453752079152e-06
-2.0032894090986e-06
-1.6796947345424e-06
-1.3745911842466e-06
-1.0879787582111e-06
-8.1985745643577e-07
-5.702272789211e-07
-3.3908822566677e-07
-1.2644029667256e-07
6.7716508061073e-08
2.4338218853455e-07
4.0055674474749e-07
5.3924017670023e-07
6.5943248439248e-07
7.6113366782449e-07
8.4434372699605e-07
9.0906266190732e-07
9.5529047255819e-07
9.8302715894873e-07
9.922727210789e-07
9.8302715894873e-07
9.5529047255819e-07
9.0906266190732e-07
8.4434372699605e-07
7.6113366782449e-07
6.5943248439248e-07
5.3924017670023e-07
4.0055674474749e-07
2.4338218853455e-07
6.7716508061073e-08
-1.2644029667256e-07
-3.3908822566677e-07
-5.702272789211e-07
-8.1985745643577e-07
-1.0879787582111e-06
-1.3745911842464e-06
-1.6796947345425e-06
-2.0032894090985e-06
-2.3453752079153e-06
-2.705952130992e-06
-3.0850201783295e-06
-3.482579349927e-06
-3.8986296457852e-06
-4.3331710659033e-06
-4.7862036102823e-06
-5.2577272789211e-06
-5.2669728410513e-06
-4.7954491724122e-06
-4.3424166280335e-06
-3.9078752079152e-06
-3.4918249120572e-06
-3.0942657404596e-06
-2.7151976931223e-06
-2.3546207700454e-06
-2.0125349712288e-06
-1.6889402966726e-06
-1.3838367463767e-06
-1.0972243203412e-06
-8.2910301856595e-07
-5.7947284105128e-07
-3.4833378779695e-07
-1.3568585880274e-07
5.8470945930895e-08
2.3413662640437e-07
3.9131118261731e-07
5.2999461457005e-07
6.501869222623e-07
7.5188810569431e-07
8.3509816486587e-07
8.9981709977715e-07
9.4604491042801e-07
9.7378159681855e-07
9.8302715894872e-07
9.7378159681855e-07
9.4604491042801e-07
8.9981709977715e-07
8.3509816486587e-07
7.5188810569431e-07
6.501869222623e-07
5.2999461457005e-07
3.9131118261731e-07
2.3413662640437e-07
5.8470945930896e-08
-1.3568585880274e-07
-3.4833378779695e-07
-5.7947284105128e-07
-8.2910301856595e-07
-1.0972243203412e-06
-1.3838367463766e-06
-1.6889402966726e-06
-2.0125349712287e-06
-2.3546207700454e-06
-2.7151976931222e-06
-3.0942657404597e-06
-3.4918249120571e-06
-3.9078752079154e-06
-4.3424166280335e-06
-4.7954491724124e-06
-5.2669728410513e-06
-5.285308267427e-06
-4.8137845987879e-06
-4.3607520544092e-06
-3.9262106342909e-06
-3.5101603384329e-06
-3.1126011668353e-06
-2.733533119498e-06
-2.3729561964211e-06
-2.0308703976045e-06
-1.7072757230483e-06
-1.4021721727524e-06
-1.1155597467169e-06
-8.4743844494166e-07
-5.9780826742699e-07
-3.6666921417266e-07
-1.5402128517845e-07
4.0135519555188e-08
2.1580120002866e-07
3.729757562416e-07
5.1165918819435e-07
6.318514958866e-07
7.335526793186e-07
8.1676273849016e-07
8.8148167340144e-07
9.277094840523e-07
9.5544617044284e-07
9.6469173257301e-07
9.5544617044284e-07
9.277094840523e-07
8.8148167340144e-07
8.1676273849016e-07
7.335526793186e-07
6.318514958866e-07
5.1165918819435e-07
3.729757562416e-07
2.1580120002866e-07
4.0135519555188e-08
-1.5402128517845e-07
-3.6666921417266e-07
-5.9780826742699e-07
-8.4743844494166e-07
-1.1155597467169e-06
-1.4021721727523e-06
-1.7072757230483e-06
-2.0308703976044e-06
-2.3729561964212e-06
-2.7335331194979e-06
-3.1126011668354e-06
-3.5101603384328e-06
-3.9262106342911e-06
-4.3607520544092e-06
-4.8137845987882e-06
-5.285308267427e-06
-5.2945538295572e-06
-4.8230301609181e-06
-4.3699976165394e-06
-3.9354561964211e-06
-3.5194059005631e-06
-3.1218467289655e-06
-2.7427786816282e-06
-2.3822017585513e-06
-2.0401159597347e-06
-1.7165212851785e-06
-1.4114177348826e-06
-1.1248053088471e-06
-8.5668400707183e-07
-6.0705382955716e-07
-3.7591477630283e-07
-1.6326684730863e-07
3.088995742501e-08
2.0655563789848e-07
3.6373019411143e-07
5.0241362606417e-07
6.2260593375642e-07
7.2430711718843e-07
8.0751717635998e-07
8.7223611127126e-07
9.1846392192212e-07
9.4620060831267e-07
9.5544617044284e-07
9.4620060831267e-07
9.1846392192212e-07
8.7223611127126e-07
8.0751717635998e-07
7.2430711718843e-07
6.2260593375642e-07
5.0241362606417e-07
3.6373019411143e-07
2.0655563789848e-07
3.0889957425011e-08
-1.6326684730863e-07
-3.7591477630283e-07
-6.0705382955716e-07
-8.5668400707183e-07
-1.1248053088471e-06
-1.4114177348825e-06
-1.7165212851785e-06
-2.0401159597346e-06
-2.3822017585513e-06
-2.7427786816281e-06
-3.1218467289656e-06
-3.519405900563e-06
-3.9354561964212e-06
-4.3699976165394e-06
-4.8230301609183e-06
-5.2945538295572e-06
-5.3328892559329e-06
-4.8613655872938e-06
-4.4083330429151e-06
-3.9737916227968e-06
-3.5577413269388e-06
-3.1601821553412e-06
-2.7811141080039e-06
-2.420537184927e-06
-2.0784513861104e-06
-1.7548567115542e-06
-1.4497531612583e-06
-1.1631407352228e-06
-8.9501943344754e-07
-6.4538925593287e-07
-4.1425020267854e-07
-2.0160227368434e-07
-7.4454689506976e-09
1.6822021152278e-07
3.2539476773572e-07
4.6407819968846e-07
5.8427050738071e-07
6.8597169081272e-07
7.6918174998428e-07
8.3390068489555e-07
8.8012849554641e-07
9.0786518193696e-07
9.1711074406713e-07
9.0786518193696e-07
8.8012849554641e-07
8.3390068489555e-07
7.6918174998428e-07
6.8597169081272e-07
5.8427050738071e-07
4.6407819968846e-07
3.2539476773572e-07
1.6822021152278e-07
-7.4454689506972e-09
-2.0160227368434e-07
-4.1425020267854e-07
-6.4538925593287e-07
-8.9501943344754e-07
-1.1631407352228e-06
-1.4497531612582e-06
-1.7548567115542e-06
-2.0784513861103e-06
-2.420537184927e-06
-2.7811141080038e-06
-3.1601821553413e-06
-3.5577413269387e-06
-3.9737916227969e-06
-4.4083330429151e-06
-4.861365587294e-06
-5.3328892559329e-06
-5.3421348180631e-06
-4.870611149424e-06
-4.4175786050453e-06
-3.9830371849269e-06
-3.566986889069e-06
-3.1694277174713e-06
-2.790359670134e-06
-2.4297827470571e-06
-2.0876969482406e-06
-1.7641022736843e-06
-1.4589987233885e-06
-1.172386297353e-06
-9.0426499557772e-07
-6.5463481806305e-07
-4.2349576480872e-07
-2.1084783581451e-07
-1.6691031080875e-08
1.589746493926e-07
3.1614920560554e-07
4.5483263755828e-07
5.7502494525053e-07
6.7672612868254e-07
7.599361878541e-07
8.2465512276537e-07
8.7088293341624e-07
8.9861961980678e-07
9.0786518193695e-07
8.9861961980678e-07
8.7088293341624e-07
8.2465512276537e-07
7.599361878541e-07
6.7672612868254e-07
5.7502494525053e-07
4.5483263755828e-07
3.1614920560554e-07
1.589746493926e-07
-1.6691031080875e-08
-2.1084783581451e-07
-4.2349576480872e-07
-6.5463481806305e-07
-9.0426499557772e-07
-1.172386297353e-06
-1.4589987233884e-06
-1.7641022736844e-06
-2.0876969482405e-06
-2.4297827470572e-06
-2.790359670134e-06
-3.1694277174715e-06
-3.5669868890689e-06
-3.9830371849271e-06
-4.4175786050453e-06
-4.8706111494242e-06
-5.3421348180631e-06
-5.4004702444388e-06
-4.9289465757997e-06
-4.475914031421e-06
-4.0413726113027e-06
-3.6253223154447e-06
-3.227763143847e-06
-2.8486950965098e-06
-2.4881181734329e-06
-2.1460323746163e-06
-1.82243770006e-06
-1.5173341497642e-06
-1.2307217237287e-06
-9.6260042195343e-07
-7.1297024443876e-07
-4.8183119118443e-07
-2.6918326219022e-07
-7.5026457456583e-08
1.0063922301689e-07
2.5781377922983e-07
3.9649721118258e-07
5.1668951887483e-07
6.1839070230683e-07
7.0160076147839e-07
7.6631969638967e-07
8.1254750704053e-07
8.4028419343107e-07
8.4952975556124e-07
8.4028419343107e-07
8.1254750704053e-07
7.6631969638967e-07
7.0160076147839e-07
6.1839070230683e-07
5.1668951887483e-07
3.9649721118258e-07
2.5781377922983e-07
1.0063922301689e-07
-7.5026457456583e-08
-2.6918326219022e-07
-4.8183119118443e-07
-7.1297024443876e-07
-9.6260042195343e-07
-1.2307217237287e-06
-1.5173341497641e-06
-1.8224377000601e-06
-2.1460323746162e-06
-2.4881181734329e-06
-2.8486950965097e-06
-3.2277631438472e-06
-3.6253223154446e-06
-4.0413726113028e-06
-4.475914031421e-06
-4.9289465757999e-06
-5.4004702444388e-06
-5.4097158065689e-06
-4.9381921379299e-06
-4.4851595935512e-06
-4.0506181734328e-06
-3.6345678775749e-06
-3.2370087059772e-06
-2.8579406586399e-06
-2.497363735563e-06
-2.1552779367464e-06
-1.8316832621902e-06
-1.5265797118944e-06
-1.2399672858589e-06
-9.718459840836e-07
-7.2221580656894e-07
-4.910767533146e-07
-2.784288243204e-07
-8.427201958676e-08
9.1393660886713e-08
2.4856821709966e-07
3.872516490524e-07
5.0744395674465e-07
6.0914514017666e-07
6.9235519934821e-07
7.5707413425949e-07
8.0330194491035e-07
8.310386313009e-07
8.4028419343106e-07
8.310386313009e-07
8.0330194491035e-07
7.5707413425949e-07
6.9235519934821e-07
6.0914514017666e-07
5.0744395674465e-07
3.872516490524e-07
2.4856821709966e-07
9.1393660886713e-08
-8.427201958676e-08
-2.784288243204e-07
-4.910767533146e-07
-7.2221580656893e-07
-9.718459840836e-07
-1.2399672858589e-06
-1.5265797118943e-06
-1.8316832621903e-06
-2.1552779367463e-06
-2.4973637355631e-06
-2.8579406586399e-06
-3.2370087059773e-06
-3.6345678775748e-06
-4.050618173433e-06
-4.4851595935511e-06
-4.9381921379301e-06
-5.4097158065689e-06
-5.4880512329446e-06
-5.0165275643056e-06
-4.5634950199269e-06
-4.1289535998085e-06
-3.7129033039506e-06
-3.3153441323529e-06
-2.9362760850156e-06
-2.5756991619387e-06
-2.2336133631222e-06
-1.9100186885659e-06
-1.6049151382701e-06
-1.3183027122346e-06
-1.0501814104593e-06
-8.0055123294464e-07
-5.6941217969031e-07
-3.5676425069611e-07
-1.6260744596247e-07
1.3058234511005e-08
1.7023279072395e-07
3.0891622267669e-07
4.2910853036894e-07
5.3080971380095e-07
6.1401977297251e-07
6.7873870788378e-07
7.2496651853464e-07
7.5270320492519e-07
7.6194876705536e-07
7.5270320492519e-07
7.2496651853464e-07
6.7873870788378e-07
6.1401977297251e-07
5.3080971380095e-07
4.2910853036894e-07
3.0891622267669e-07
1.7023279072395e-07
1.3058234511005e-08
-1.6260744596247e-07
-3.5676425069611e-07
-5.6941217969031e-07
-8.0055123294464e-07
-1.0501814104593e-06
-1.3183027122346e-06
-1.60491513827e-06
-1.910018688566e-06
-2.2336133631221e-06
-2.5756991619388e-06
-2.9362760850156e-06
-3.315344132353e-06
-3.7129033039505e-06
-4.1289535998087e-06
-4.5634950199269e-06
-5.0165275643058e-06
-5.4880512329446e-06
-5.4972967950748e-06
-5.0257731264358e-06
-4.5727405820571e-06
-4.1381991619387e-06
-3.7221488660808e-06
-3.3245896944831e-06
-2.9455216471458e-06
-2.5849447240689e-06
-2.2428589252523e-06
-1.9192642506961e-06
-1.6141607004003e-06
-1.3275482743648e-06
-1.0594269725895e-06
-8.0979679507482e-07
-5.7865774182049e-07
-3.6600981282628e-07
-1.7185300809265e-07
3.8126723808274e-09
1.6098722859377e-07
2.9967066054651e-07
4.1986296823876e-07
5.2156415167077e-07
6.0477421084233e-07
6.694931457536e-07
7.1572095640447e-07
7.4345764279501e-07
7.5270320492518e-07
7.4345764279501e-07
7.1572095640447e-07
6.694931457536e-07
6.0477421084233e-07
5.2156415167077e-07
4.1986296823876e-07
2.9967066054651e-07
1.6098722859377e-07
3.8126723808278e-09
-1.7185300809265e-07
-3.6600981282628e-07
-5.7865774182049e-07
-8.0979679507482e-07
-1.0594269725895e-06
-1.3275482743648e-06
-1.6141607004001e-06
-1.9192642506962e-06
-2.2428589252522e-06
-2.584944724069e-06
-2.9455216471457e-06
-3.3245896944832e-06
-3.7221488660807e-06
-4.1381991619389e-06
-4.572740582057e-06
-5.025773126436e-06
-5.4972967950748e-06
-5.5956322214505e-06
-5.1241085528115e-06
-4.6710760084328e-06
-4.2365345883144e-06
-3.8204842924565e-06
-3.4229251208588e-06
-3.0438570735215e-06
-2.6832801504446e-06
-2.341194351628e-06
-2.0175996770718e-06
-1.712496126776e-06
-1.4258837007405e-06
-1.1577623989652e-06
-9.0813222145053e-07
-6.769931681962e-07
-4.6434523920199e-07
-2.7018843446835e-07
-9.452275399488e-08
6.2651802218064e-08
2.013352341708e-07
3.2152754186305e-07
4.2322872529506e-07
5.0643878446662e-07
5.711577193779e-07
6.1738553002876e-07
6.451222164193e-07
6.5436777854947e-07
6.451222164193e-07
6.1738553002876e-07
5.711577193779e-07
5.0643878446662e-07
4.2322872529506e-07
3.2152754186306e-07
2.013352341708e-07
6.2651802218064e-08
-9.452275399488e-08
-2.7018843446835e-07
-4.6434523920199e-07
-6.769931681962e-07
-9.0813222145053e-07
-1.1577623989652e-06
-1.4258837007405e-06
-1.7124961267759e-06
-2.0175996770719e-06
-2.3411943516279e-06
-2.6832801504447e-06
-3.0438570735214e-06
-3.4229251208589e-06
-3.8204842924564e-06
-4.2365345883146e-06
-4.6710760084327e-06
-5.1241085528117e-06
-5.5956322214505e-06
-5.6048777835807e-06
-5.1333541149417e-06
-4.680321570563e-06
-4.2457801504446e-06
-3.8297298545866e-06
-3.432170682989e-06
-3.0531026356517e-06
-2.6925257125748e-06
-2.3504399137582e-06
-2.026845239202e-06
-1.7217416889062e-06
-1.4351292628707e-06
-1.1670079610954e-06
-9.1737778358071e-07
-6.8623873032637e-07
-4.7359080133217e-07
-2.7943399659853e-07
-1.0376831612506e-07
5.3406240087886e-08
1.9208967204063e-07
3.1228197973288e-07
4.1398316316489e-07
4.9719322233644e-07
5.6191215724772e-07
6.0813996789858e-07
6.3587665428913e-07
6.4512221641929e-07
6.3587665428913e-07
6.0813996789858e-07
5.6191215724772e-07
4.9719322233644e-07
4.1398316316489e-07
3.1228197973288e-07
1.9208967204063e-07
5.3406240087887e-08
-1.0376831612506e-07
-2.7943399659853e-07
-4.7359080133217e-07
-6.8623873032637e-07
-9.173777835807e-07
-1.1670079610954e-06
-1.4351292628707e-06
-1.721741688906e-06
-2.0268452392021e-06
-2.3504399137581e-06
-2.6925257125749e-06
-3.0531026356516e-06
-3.4321706829891e-06
-3.8297298545866e-06
-4.2457801504448e-06
-4.6803215705629e-06
-5.1333541149419e-06
-5.6048777835807e-06
-5.7232132099564e-06
-5.2516895413174e-06
-4.7986569969387e-06
-4.3641155768203e-06
-3.9480652809624e-06
-3.5505061093647e-06
-3.1714380620274e-06
-2.8108611389505e-06
-2.4687753401339e-06
-2.1451806655777e-06
-1.8400771152819e-06
-1.5534646892464e-06
-1.2853433874711e-06
-1.0357132099564e-06
-8.0457415670208e-07
-5.9192622770788e-07
-3.9776942297424e-07
-2.2210374250077e-07
-6.4929186287822e-08
7.375424566492e-08
1.9394655335717e-07
2.9564773678918e-07
3.7885779596073e-07
4.4357673087201e-07
4.8980454152287e-07
5.1754122791342e-07
5.2678679004359e-07
5.1754122791342e-07
4.8980454152287e-07
4.4357673087201e-07
3.7885779596073e-07
2.9564773678918e-07
1.9394655335717e-07
7.375424566492e-08
-6.4929186287821e-08
-2.2210374250077e-07
-3.9776942297424e-07
-5.9192622770788e-07
-8.0457415670208e-07
-1.0357132099564e-06
-1.2853433874711e-06
-1.5534646892464e-06
-1.8400771152817e-06
-2.1451806655778e-06
-2.4687753401338e-06
-2.8108611389506e-06
-3.1714380620273e-06
-3.5505061093648e-06
-3.9480652809623e-06
-4.3641155768205e-06
-4.7986569969386e-06
-5.2516895413176e-06
-5.7232132099564e-06
-5.7324587720866e-06
-5.2609351034475e-06
-4.8079025590689e-06
-4.3733611389505e-06
-3.9573108430925e-06
-3.5597516714949e-06
-3.1806836241576e-06
-2.8201067010807e-06
-2.4780209022641e-06
-2.1544262277079e-06
-1.849322677412e-06
-1.5627102513766e-06
-1.2945889496013e-06
-1.0449587720866e-06
-8.1381971883226e-07
-6.0117178983805e-07
-4.0701498510442e-07
-2.3134930463094e-07
-7.4174748417999e-08
6.4508683534742e-08
1.8470099122699e-07
2.86402174659e-07
3.6961223383056e-07
4.3433116874183e-07
4.805589793927e-07
5.0829566578324e-07
5.1754122791341e-07
5.0829566578324e-07
4.805589793927e-07
4.3433116874183e-07
3.6961223383056e-07
2.86402174659e-07
1.8470099122699e-07
6.4508683534742e-08
-7.4174748417999e-08
-2.3134930463094e-07
-4.0701498510442e-07
-6.0117178983805e-07
-8.1381971883226e-07
-1.0449587720866e-06
-1.2945889496013e-06
-1.5627102513766e-06
-1.8493226774119e-06
-2.1544262277079e-06
-2.478020902264e-06
-2.8201067010808e-06
-3.1806836241575e-06
-3.559751671495e-06
-3.9573108430924e-06
-4.3733611389507e-06
-4.8079025590688e-06
-5.2609351034478e-06
-5.7324587720866e-06
-5.8707941984623e-06
-5.3992705298232e-06
-4.9462379854446e-06
-4.5116965653262e-06
-4.0956462694682e-06
-3.6980870978706e-06
-3.3190190505333e-06
-2.9584421274564e-06
-2.6163563286398e-06
-2.2927616540836e-06
-1.9876581037877e-06
-1.7010456777523e-06
-1.432924375977e-06
-1.1832941984623e-06
-9.5215514520797e-07
-7.3950721621376e-07
-5.4535041148012e-07
-3.6968473100665e-07
-2.1251017479371e-07
-7.3826742840966e-08
4.6365564851284e-08
1.4806674828329e-07
2.3127680745485e-07
2.9599574236613e-07
3.4222355301699e-07
3.6996023940753e-07
3.792058015377e-07
3.6996023940753e-07
3.4222355301699e-07
2.9599574236613e-07
2.3127680745485e-07
1.4806674828329e-07
4.6365564851285e-08
-7.3826742840966e-08
-2.1251017479371e-07
-3.6968473100665e-07
-5.4535041148012e-07
-7.3950721621376e-07
-9.5215514520797e-07
-1.1832941984623e-06
-1.432924375977e-06
-1.7010456777523e-06
-1.9876581037876e-06
-2.2927616540836e-06
-2.6163563286397e-06
-2.9584421274565e-06
-3.3190190505332e-06
-3.6980870978707e-06
-4.0956462694682e-06
-4.5116965653264e-06
-4.9462379854445e-06
-5.3992705298235e-06
-5.8707941984623e-06
-5.8800397605925e-06
-5.4085160919534e-06
-4.9554835475747e-06
-4.5209421274564e-06
-4.1048918315984e-06
-3.7073326600008e-06
-3.3282646126635e-06
-2.9676876895866e-06
-2.62560189077e-06
-2.3020072162138e-06
-1.9969036659179e-06
-1.7102912398824e-06
-1.4421699381071e-06
-1.1925397605925e-06
-9.6140070733815e-07
-7.4875277834394e-07
-5.545959736103e-07
-3.7893029313683e-07
-2.2175573692388e-07
-8.3072304971143e-08
3.7120002721107e-08
1.3882118615312e-07
2.2203124532467e-07
2.8675018023595e-07
3.3297799088681e-07
3.6071467727736e-07
3.6996023940752e-07
3.6071467727736e-07
3.3297799088681e-07
2.8675018023595e-07
2.2203124532467e-07
1.3882118615312e-07
3.7120002721107e-08
-8.3072304971143e-08
-2.2175573692388e-07
-3.7893029313683e-07
-5.545959736103e-07
-7.4875277834394e-07
-9.6140070733815e-07
-1.1925397605925e-06
-1.4421699381071e-06
-1.7102912398824e-06
-1.9969036659178e-06
-2.3020072162138e-06
-2.6256018907699e-06
-2.9676876895866e-06
-3.3282646126634e-06
-3.7073326600009e-06
-4.1048918315983e-06
-4.5209421274566e-06
-4.9554835475747e-06
-5.4085160919536e-06
-5.8800397605925e-06
-6.0383751869682e-06
-5.5668515183291e-06
-5.1138189739504e-06
-4.6792775538321e-06
-4.2632272579741e-06
-3.8656680863765e-06
-3.4866000390392e-06
-3.1260231159623e-06
-2.7839373171457e-06
-2.4603426425895e-06
-2.1552390922936e-06
-1.8686266662581e-06
-1.6005053644829e-06
-1.3508751869682e-06
-1.1197361337139e-06
-9.0708820471965e-07
-7.1293139998601e-07
-5.3726571951254e-07
-3.8009116329959e-07
-2.4140773134685e-07
-1.212154236546e-07
-1.9514240222592e-08
6.3695818948964e-08
1.2841475386024e-07
1.746425645111e-07
2.0237925090165e-07
2.1162481303182e-07
2.0237925090165e-07
1.746425645111e-07
1.2841475386024e-07
6.3695818948964e-08
-1.9514240222592e-08
-1.212154236546e-07
-2.4140773134685e-07
-3.8009116329959e-07
-5.3726571951254e-07
-7.1293139998601e-07
-9.0708820471965e-07
-1.1197361337139e-06
-1.3508751869682e-06
-1.6005053644829e-06
-1.8686266662581e-06
-2.1552390922935e-06
-2.4603426425895e-06
-2.7839373171456e-06
-3.1260231159624e-06
-3.4866000390391e-06
-3.8656680863766e-06
-4.263227257974e-06
-4.6792775538323e-06
-5.1138189739504e-06
-5.5668515183293e-06
-6.0383751869682e-06
-6.0476207490984e-06
-5.5760970804593e-06
-5.1230645360806e-06
-4.6885231159623e-06
-4.2724728201043e-06
-3.8749136485066e-06
-3.4958456011694e-06
-3.1352686780925e-06
-2.7931828792759e-06
-2.4695882047196e-06
-2.1644846544238e-06
-1.8778722283883e-06
-1.609750926613e-06
-1.3601207490984e-06
-1.128981695844e-06
-9.1633376684982e-07
-7.2217696211619e-07
-5.4651128164271e-07
-3.8933672542977e-07
-2.5065329347703e-07
-1.3046098578478e-07
-2.875980235277e-08
5.4450256818787e-08
1.1916919173006e-07
1.6539700238093e-07
1.9313368877147e-07
2.0237925090164e-07
1.9313368877147e-07
1.6539700238093e-07
1.1916919173006e-07
5.4450256818787e-08
-2.875980235277e-08
-1.3046098578478e-07
-2.5065329347703e-07
-3.8933672542977e-07
-5.4651128164271e-07
-7.2217696211619e-07
-9.1633376684982e-07
-1.128981695844e-06
-1.3601207490984e-06
-1.609750926613e-06
-1.8778722283883e-06
-2.1644846544237e-06
-2.4695882047197e-06
-2.7931828792758e-06
-3.1352686780925e-06
-3.4958456011693e-06
-3.8749136485068e-06
-4.2724728201042e-06
-4.6885231159624e-06
-5.1230645360806e-06
-5.5760970804595e-06
-6.0476207490984e-06
-6.2259561754741e-06
-5.754432506835e-06
-5.3013999624563e-06
-4.866858542338e-06
-4.45080824648e-06
-4.0532490748824e-06
-3.6741810275451e-06
-3.3136041044682e-06
-2.9715183056516e-06
-2.6479236310954e-06
-2.3428200807995e-06
-2.056207654764e-06
-1.7880863529887e-06
-1.5384561754741e-06
-1.3073171222197e-06
-1.0946691932255e-06
-9.0051238849189e-07
-7.2484670801842e-07
-5.6767215180548e-07
-4.2898871985274e-07
-3.0879641216049e-07
-2.0709522872848e-07
-1.2388516955692e-07
-5.9166234645644e-08
-1.2938423994782e-08
1.4798262395762e-08
2.4043824525931e-08
1.4798262395762e-08
-1.2938423994782e-08
-5.9166234645644e-08
-1.2388516955692e-07
-2.0709522872848e-07
-3.0879641216049e-07
-4.2898871985274e-07
-5.6767215180548e-07
-7.2484670801842e-07
-9.0051238849189e-07
-1.0946691932255e-06
-1.3073171222197e-06
-1.5384561754741e-06
-1.7880863529887e-06
-2.056207654764e-06
-2.3428200807994e-06
-2.6479236310954e-06
-2.9715183056515e-06
-3.3136041044682e-06
-3.674181027545e-06
-4.0532490748825e-06
-4.4508082464799e-06
-4.8668585423381e-06
-5.3013999624563e-06
-5.7544325068352e-06
-6.2259561754741e-06
-6.2352017376042e-06
-5.7636780689652e-06
-5.3106455245865e-06
-4.8761041044681e-06
-4.4600538086102e-06
-4.0624946370125e-06
-3.6834265896752e-06
-3.3228496665983e-06
-2.9807638677818e-06
-2.6571691932255e-06
-2.3520656429297e-06
-2.0654532168942e-06
-1.7973319151189e-06
-1.5477017376042e-06
-1.3165626843499e-06
-1.1039147553557e-06
-9.0975795062207e-07
-7.340922701486e-07
-5.7691771393565e-07
-4.3823428198291e-07
-3.1804197429066e-07
-2.1634079085865e-07
-1.331307316871e-07
-6.8411796775822e-08
-2.2183986124959e-08
5.552700265585e-09
1.4798262395754e-08
5.552700265585e-09
-2.2183986124959e-08
-6.8411796775822e-08
-1.331307316871e-07
-2.1634079085865e-07
-3.1804197429066e-07
-4.3823428198291e-07
-5.7691771393565e-07
-7.340922701486e-07
-9.0975795062207e-07
-1.1039147553557e-06
-1.3165626843499e-06
-1.5477017376042e-06
-1.7973319151189e-06
-2.0654532168942e-06
-2.3520656429296e-06
-2.6571691932256e-06
-2.9807638677817e-06
-3.3228496665984e-06
-3.6834265896752e-06
-4.0624946370127e-06
-4.4600538086101e-06
-4.8761041044683e-06
-5.3106455245865e-06
-5.7636780689654e-06
-6.2352017376042e-06
-6.43353716398e-06
-5.9620134953409e-06
-5.5089809509622e-06
-5.0744395308439e-06
-4.6583892349859e-06
-4.2608300633882e-06
-3.8817620160509e-06
-3.521185092974e-06
-3.1790992941575e-06
-2.8555046196012e-06
-2.5504010693054e-06
-2.2637886432699e-06
-1.9956673414946e-06
-1.74603716398e-06
-1.5148981107256e-06
-1.3022501817314e-06
-1.1080933769978e-06
-9.3242769652431e-07
-7.7525314031136e-07
-6.3656970835862e-07
-5.1637740066637e-07
-4.1467621723436e-07
-3.3146615806281e-07
-2.6674722315153e-07
-2.2051941250067e-07
-1.9278272611012e-07
-1.8353716397995e-07
-1.9278272611012e-07
-2.2051941250067e-07
-2.6674722315153e-07
-3.3146615806281e-07
-4.1467621723436e-07
-5.1637740066637e-07
-6.3656970835862e-07
-7.7525314031136e-07
-9.3242769652431e-07
-1.1080933769978e-06
-1.3022501817314e-06
-1.5148981107256e-06
-1.74603716398e-06
-1.9956673414946e-06
-2.2637886432699e-06
-2.5504010693053e-06
-2.8555046196013e-06
-3.1790992941574e-06
-3.5211850929741e-06
-3.8817620160509e-06
-4.2608300633884e-06
-4.6583892349858e-06
-5.074439530844e-06
-5.5089809509622e-06
-5.9620134953411e-06
-6.43353716398e-06
-6.4427827261101e-06
-5.9712590574711e-06
-5.5182265130924e-06
-5.083685092974e-06
-4.6676347971161e-06
-4.2700756255184e-06
-3.8910075781811e-06
-3.5304306551042e-06
-3.1883448562876e-06
-2.8647501817314e-06
-2.5596466314356e-06
-2.2730342054001e-06
-2.0049129036248e-06
-1.7552827261101e-06
-1.5241436728558e-06
-1.3114957438616e-06
-1.117338939128e-06
-9.4167325865448e-07
-7.8449870244154e-07
-6.458152704888e-07
-5.2562296279655e-07
-4.2392177936454e-07
-3.4071172019298e-07
-2.7599278528171e-07
-2.2976497463084e-07
-2.020282882403e-07
-1.9278272611013e-07
-2.020282882403e-07
-2.2976497463084e-07
-2.7599278528171e-07
-3.4071172019298e-07
-4.2392177936454e-07
-5.2562296279655e-07
-6.458152704888e-07
-7.8449870244154e-07
-9.4167325865448e-07
-1.117338939128e-06
-1.3114957438616e-06
-1.5241436728558e-06
-1.7552827261101e-06
-2.0049129036248e-06
-2.2730342054001e-06
-2.5596466314355e-06
-2.8647501817315e-06
-3.1883448562875e-06
-3.5304306551043e-06
-3.891007578181e-06
-4.2700756255185e-06
-4.667634797116e-06
-5.0836850929742e-06
-5.5182265130923e-06
-5.9712590574713e-06
-6.4427827261101e-06
-6.6611181524858e-06
-6.1895944838468e-06
-5.7365619394681e-06
-5.3020205193497e-06
-4.8859702234918e-06
-4.4884110518941e-06
-4.1093430045568e-06
-3.7487660814799e-06
-3.4066802826634e-06
-3.0830856081071e-06
-2.7779820578113e-06
-2.4913696317758e-06
-2.2232483300005e-06
-1.9736181524858e-06
-1.7424790992315e-06
-1.5298311702373e-06
-1.3356743655037e-06
-1.1600086850302e-06
-1.0028341288172e-06
-8.6415069686451e-07
-7.4395838917226e-07
-6.4225720574025e-07
-5.5904714656869e-07
-4.9432821165742e-07
-4.4810040100655e-07
-4.2036371461601e-07
-4.1111815248584e-07
-4.2036371461601e-07
-4.4810040100655e-07
-4.9432821165742e-07
-5.5904714656869e-07
-6.4225720574025e-07
-7.4395838917226e-07
-8.6415069686451e-07
-1.0028341288172e-06
-1.1600086850302e-06
-1.3356743655037e-06
-1.5298311702373e-06
-1.7424790992315e-06
-1.9736181524858e-06
-2.2232483300005e-06
-2.4913696317758e-06
-2.7779820578112e-06
-3.0830856081072e-06
-3.4066802826632e-06
-3.74876608148e-06
-4.1093430045568e-06
-4.4884110518942e-06
-4.8859702234917e-06
-5.3020205193499e-06
-5.7365619394681e-06
-6.189594483847e-06
-6.6611181524858e-06
-6.670363714616e-06
-6.198840045977e-06
-5.7458075015983e-06
-5.3112660814799e-06
-4.895215785622e-06
-4.4976566140243e-06
-4.118588566687e-06
-3.7580116436101e-06
-3.4159258447935e-06
-3.0923311702373e-06
-2.7872276199415e-06
-2.500615193906e-06
-2.2324938921307e-06
-1.982863714616e-06
-1.7517246613617e-06
-1.5390767323675e-06
-1.3449199276338e-06
-1.1692542471604e-06
-1.0120796909474e-06
-8.7339625899468e-07
-7.5320395130243e-07
-6.5150276787043e-07
-5.6829270869887e-07
-5.0357377378759e-07
-4.5734596313673e-07
-4.2960927674619e-07
-4.2036371461602e-07
-4.2960927674619e-07
-4.5734596313673e-07
-5.0357377378759e-07
-5.6829270869887e-07
-6.5150276787043e-07
-7.5320395130243e-07
-8.7339625899468e-07
-1.0120796909474e-06
-1.1692542471604e-06
-1.3449199276338e-06
-1.5390767323675e-06
-1.7517246613617e-06
-1.982863714616e-06
-2.2324938921307e-06
-2.500615193906e-06
-2.7872276199413e-06
-3.0923311702374e-06
-3.4159258447934e-06
-3.7580116436102e-06
-4.1185885666869e-06
-4.4976566140244e-06
-4.8952157856219e-06
-5.3112660814801e-06
-5.7458075015982e-06
-6.1988400459772e-06
-6.670363714616e-06
-6.9086991409917e-06
-6.4371754723527e-06
-5.984142927974e-06
-5.5496015078556e-06
-5.1335512119977e-06
-4.7359920404e-06
-4.3569239930627e-06
-3.9963470699858e-06
-3.6542612711692e-06
-3.330666596613e-06
-3.0255630463172e-06
-2.7389506202817e-06
-2.4708293185064e-06
-2.2211991409917e-06
-1.9900600877374e-06
-1.7774121587432e-06
-1.5832553540095e-06
-1.4075896735361e-06
-1.2504151173231e-06
-1.1117316853704e-06
-9.9153937767814e-07
-8.8983819424613e-07
-8.0662813507458e-07
-7.419092001633e-07
-6.9568138951244e-07
-6.6794470312189e-07
-6.5869914099172e-07
-6.6794470312189e-07
-6.9568138951244e-07
-7.419092001633e-07
-8.0662813507458e-07
-8.8983819424613e-07
-9.9153937767814e-07
-1.1117316853704e-06
-1.2504151173231e-06
-1.4075896735361e-06
-1.5832553540095e-06
-1.7774121587432e-06
-1.9900600877374e-06
-2.2211991409917e-06
-2.4708293185064e-06
-2.7389506202817e-06
-3.0255630463171e-06
-3.3306665966131e-06
-3.6542612711691e-06
-3.9963470699859e-06
-4.3569239930626e-06
-4.7359920404001e-06
-5.1335512119976e-06
-5.5496015078558e-06
-5.9841429279739e-06
-6.4371754723529e-06
-6.9086991409917e-06
-6.9179447031219e-06
-6.4464210344828e-06
-5.9933884901042e-06
-5.5588470699858e-06
-5.1427967741278e-06
-4.7452376025302e-06
-4.3661695551929e-06
-4.005592632116e-06
-3.6635068332994e-06
-3.3399121587432e-06
-3.0348086084474e-06
-2.7481961824119e-06
-2.4800748806366e-06
-2.2304447031219e-06
-1.9993056498676e-06
-1.7866577208734e-06
-1.5925009161397e-06
-1.4168352356663e-06
-1.2596606794533e-06
-1.1209772475006e-06
-1.0007849398083e-06
-8.9908375637631e-07
-8.1587369720475e-07
-7.5115476229348e-07
-7.0492695164261e-07
-6.7719026525207e-07
-6.679447031219e-07
-6.7719026525207e-07
-7.0492695164261e-07
-7.5115476229348e-07
-8.1587369720475e-07
-8.9908375637631e-07
-1.0007849398083e-06
-1.1209772475006e-06
-1.2596606794533e-06
-1.4168352356663e-06
-1.5925009161397e-06
-1.7866577208734e-06
-1.9993056498676e-06
-2.2304447031219e-06
-2.4800748806366e-06
-2.7481961824119e-06
-3.0348086084472e-06
-3.3399121587433e-06
-3.6635068332993e-06
-4.0055926321161e-06
-4.3661695551928e-06
-4.7452376025303e-06
-5.1427967741278e-06
-5.558847069986e-06
-5.9933884901041e-06
-6.4464210344831e-06
-6.9179447031219e-06
-7.1762801294976e-06
-6.7047564608586e-06
-6.2517239164799e-06
-5.8171824963615e-06
-5.4011322005035e-06
-5.0035730289059e-06
-4.6245049815686e-06
-4.2639280584917e-06
-3.9218422596751e-06
-3.5982475851189e-06
-3.2931440348231e-06
-3.0065316087876e-06
-2.7384103070123e-06
-2.4887801294976e-06
-2.2576410762433e-06
-2.0449931472491e-06
-1.8508363425154e-06
-1.675170662042e-06
-1.517996105829e-06
-1.3793126738763e-06
-1.259120366184e-06
-1.157419182752e-06
-1.0742091235805e-06
-1.0094901886692e-06
-9.6326237801832e-07
-9.3552569162778e-07
-9.2628012949761e-07
-9.3552569162778e-07
-9.6326237801832e-07
-1.0094901886692e-06
-1.0742091235805e-06
-1.157419182752e-06
-1.259120366184e-06
-1.3793126738763e-06
-1.517996105829e-06
-1.675170662042e-06
-1.8508363425154e-06
-2.0449931472491e-06
-2.2576410762433e-06
-2.4887801294976e-06
-2.7384103070123e-06
-3.0065316087876e-06
-3.2931440348229e-06
-3.598247585119e-06
-3.921842259675e-06
-4.2639280584918e-06
-4.6245049815685e-06
-5.003573028906e-06
-5.4011322005035e-06
-5.8171824963617e-06
-6.2517239164798e-06
-6.7047564608588e-06
-7.1762801294976e-06
-7.1855256916278e-06
-6.7140020229887e-06
-6.26096947861e-06
-5.8264280584917e-06
-5.4103777626337e-06
-5.0128185910361e-06
-4.6337505436988e-06
-4.2731736206219e-06
-3.9310878218053e-06
-3.6074931472491e-06
-3.3023895969532e-06
-3.0157771709178e-06
-2.7476558691425e-06
-2.4980256916278e-06
-2.2668866383735e-06
-2.0542387093793e-06
-1.8600819046456e-06
-1.6844162241721e-06
-1.5272416679592e-06
-1.3885582360065e-06
-1.2683659283142e-06
-1.1666647448822e-06
-1.0834546857106e-06
-1.0187357507994e-06
-9.725079401485e-07
-9.4477125375796e-07
-9.3552569162779e-07
-9.4477125375796e-07
-9.725079401485e-07
-1.0187357507994e-06
-1.0834546857106e-06
-1.1666647448822e-06
-1.2683659283142e-06
-1.3885582360065e-06
-1.5272416679592e-06
-1.6844162241721e-06
-1.8600819046456e-06
-2.0542387093792e-06
-2.2668866383735e-06
-2.4980256916278e-06
-2.7476558691425e-06
-3.0157771709178e-06
-3.3023895969531e-06
-3.6074931472491e-06
-3.9310878218052e-06
-4.273173620622e-06
-4.6337505436987e-06
-5.0128185910362e-06
-5.4103777626336e-06
-5.8264280584919e-06
-6.26096947861e-06
-6.714002022989e-06
-7.1855256916278e-06
-7.4638611180035e-06
-6.9923374493644e-06
-6.5393049049858e-06
-6.1047634848674e-06
-5.6887131890094e-06
-5.2911540174118e-06
-4.9120859700745e-06
-4.5515090469976e-06
-4.209423248181e-06
-3.8858285736248e-06
-3.5807250233289e-06
-3.2941125972935e-06
-3.0259912955182e-06
-2.7763611180035e-06
-2.5452220647492e-06
-2.332574135755e-06
-2.1384173310213e-06
-1.9627516505478e-06
-1.8055770943349e-06
-1.6668936623822e-06
-1.5467013546899e-06
-1.4450001712579e-06
-1.3617901120863e-06
-1.2970711771751e-06
-1.2508433665242e-06
-1.2231066801337e-06
-1.2138611180035e-06
-1.2231066801337e-06
-1.2508433665242e-06
-1.2970711771751e-06
-1.3617901120863e-06
-1.4450001712579e-06
-1.5467013546899e-06
-1.6668936623822e-06
-1.8055770943349e-06
-1.9627516505478e-06
-2.1384173310213e-06
-2.332574135755e-06
-2.5452220647492e-06
-2.7763611180035e-06
-3.0259912955182e-06
-3.2941125972935e-06
-3.5807250233288e-06
-3.8858285736248e-06
-4.2094232481809e-06
-4.5515090469977e-06
-4.9120859700744e-06
-5.2911540174119e-06
-5.6887131890093e-06
-6.1047634848676e-06
-6.5393049049857e-06
-6.9923374493647e-06
-7.4638611180035e-06
-7.4731066801337e-06
-7.0015830114946e-06
-6.5485504671159e-06
-6.1140090469976e-06
-5.6979587511396e-06
-5.300399579542e-06
-4.9213315322047e-06
-4.5607546091278e-06
-4.2186688103112e-06
-3.895074135755e-06
-3.5899705854591e-06
-3.3033581594236e-06
-3.0352368576483e-06
-2.7856066801337e-06
-2.5544676268793e-06
-2.3418196978851e-06
-2.1476628931515e-06
-1.971997212678e-06
-1.8148226564651e-06
-1.6761392245123e-06
-1.5559469168201e-06
-1.4542457333881e-06
-1.3710356742165e-06
-1.3063167393052e-06
-1.2600889286544e-06
-1.2323522422638e-06
-1.2231066801337e-06
-1.2323522422638e-06
-1.2600889286544e-06
-1.3063167393052e-06
-1.3710356742165e-06
-1.4542457333881e-06
-1.5559469168201e-06
-1.6761392245123e-06
-1.8148226564651e-06
-1.971997212678e-06
-2.1476628931515e-06
-2.3418196978851e-06
-2.5544676268793e-06
-2.7856066801337e-06
-3.0352368576483e-06
-3.3033581594236e-06
-3.589970585459e-06
-3.895074135755e-06
-4.2186688103111e-06
-4.5607546091278e-06
-4.9213315322046e-06
-5.3003995795421e-06
-5.6979587511395e-06
-6.1140090469977e-06
-6.5485504671159e-06
-7.0015830114948e-06
-7.4731066801337e-06
-7.7714421065094e-06
-7.2999184378703e-06
-6.8468858934916e-06
-6.4123444733733e-06
-5.9962941775153e-06
-5.5987350059177e-06
-5.2196669585804e-06
-4.8590900355035e-06
-4.5170042366869e-06
-4.1934095621307e-06
-3.8883060118348e-06
-3.6016935857993e-06
-3.333572284024e-06
-3.0839421065094e-06
-2.8528030532551e-06
-2.6401551242608e-06
-2.4459983195272e-06
-2.2703326390537e-06
-2.1131580828408e-06
-1.974474650888e-06
-1.8542823431958e-06
-1.7525811597638e-06
-1.6693711005922e-06
-1.604652165681e-06
-1.5584243550301e-06
-1.5306876686395e-06
-1.5214421065094e-06
-1.5306876686395e-06
-1.5584243550301e-06
-1.604652165681e-06
-1.6693711005922e-06
-1.7525811597638e-06
-1.8542823431958e-06
-1.974474650888e-06
-2.1131580828408e-06
-2.2703326390537e-06
-2.4459983195272e-06
-2.6401551242608e-06
-2.8528030532551e-06
-3.0839421065094e-06
-3.333572284024e-06
-3.6016935857993e-06
-3.8883060118347e-06
-4.1934095621307e-06
-4.5170042366868e-06
-4.8590900355035e-06
-5.2196669585803e-06
-5.5987350059178e-06
-5.9962941775152e-06
-6.4123444733735e-06
-6.8468858934916e-06
-7.2999184378705e-06
-7.7714421065094e-06
-7.7806876686396e-06
-7.3091640000005e-06
-6.8561314556218e-06
-6.4215900355035e-06
-6.0055397396455e-06
-5.6079805680478e-06
-5.2289125207106e-06
-4.8683355976337e-06
-4.5262497988171e-06
-4.2026551242608e-06
-3.897551573965e-06
-3.6109391479295e-06
-3.3428178461542e-06
-3.0931876686396e-06
-2.8620486153852e-06
-2.649400686391e-06
-2.4552438816574e-06
-2.2795782011839e-06
-2.122403644971e-06
-1.9837202130182e-06
-1.863527905326e-06
-1.761826721894e-06
-1.6786166627224e-06
-1.6138977278111e-06
-1.5676699171603e-06
-1.5399332307697e-06
-1.5306876686396e-06
-1.5399332307697e-06
-1.5676699171603e-06
-1.6138977278111e-06
-1.6786166627224e-06
-1.761826721894e-06
-1.863527905326e-06
-1.9837202130182e-06
-2.122403644971e-06
-2.2795782011839e-06
-2.4552438816574e-06
-2.649400686391e-06
-2.8620486153852e-06
-3.0931876686396e-06
-3.3428178461542e-06
-3.6109391479295e-06
-3.8975515739649e-06
-4.2026551242609e-06
-4.526249798817e-06
-4.8683355976337e-06
-5.2289125207105e-06
-5.607980568048e-06
-6.0055397396454e-06
-6.4215900355036e-06
-6.8561314556218e-06
-7.3091640000007e-06
-7.7806876686396e-06
-8.0990230950153e-06
-7.6274994263762e-06
-7.1744668819975e-06
-6.7399254618792e-06
-6.3238751660212e-06
-5.9263159944236e-06
-5.5472479470863e-06
-5.1866710240094e-06
-4.8445852251928e-06
-4.5209905506366e-06
-4.2158870003407e-06
-3.9292745743052e-06
-3.6611532725299e-06
-3.4115230950153e-06
-3.1803840417609e-06
-2.9677361127667e-06
-2.7735793080331e-06
-2.5979136275596e-06
-2.4407390713467e-06
-2.3020556393939e-06
-2.1818633317017e-06
-2.0801621482697e-06
-1.9969520890981e-06
-1.9322331541868e-06
-1.886005343536e-06
-1.8582686571454e-06
-1.8490230950153e-06
-1.8582686571454e-06
-1.886005343536e-06
-1.9322331541868e-06
-1.9969520890981e-06
-2.0801621482697e-06
-2.1818633317017e-06
-2.3020556393939e-06
-2.4407390713467e-06
-2.5979136275596e-06
-2.7735793080331e-06
-2.9677361127667e-06
-3.1803840417609e-06
-3.4115230950153e-06
-3.6611532725299e-06
-3.9292745743052e-06
-4.2158870003406e-06
-4.5209905506366e-06
-4.8445852251927e-06
-5.1866710240094e-06
-5.5472479470862e-06
-5.9263159944237e-06
-6.3238751660211e-06
-6.7399254618793e-06
-7.1744668819975e-06
-7.6274994263764e-06
-8.0990230950153e-06
-8.1082686571454e-06
-7.6367449885064e-06
-7.1837124441277e-06
-6.7491710240093e-06
-6.3331207281514e-06
-5.9355615565537e-06
-5.5564935092164e-06
-5.1959165861395e-06
-4.853830787323e-06
-4.5302361127667e-06
-4.2251325624709e-06
-3.9385201364354e-06
-3.6703988346601e-06
-3.4207686571454e-06
-3.1896296038911e-06
-2.9769816748969e-06
-2.7828248701633e-06
-2.6071591896898e-06
-2.4499846334769e-06
-2.3113012015241e-06
-2.1911088938319e-06
-2.0894077103999e-06
-2.0061976512283e-06
-1.941478716317e-06
-1.8952509056662e-06
-1.8675142192756e-06
-1.8582686571454e-06
-1.8675142192756e-06
-1.8952509056662e-06
-1.941478716317e-06
-2.0061976512283e-06
-2.0894077103999e-06
-2.1911088938319e-06
-2.3113012015241e-06
-2.4499846334769e-06
-2.6071591896898e-06
-2.7828248701633e-06
-2.9769816748969e-06
-3.1896296038911e-06
-3.4207686571454e-06
-3.6703988346601e-06
-3.9385201364354e-06
-4.2251325624708e-06
-4.5302361127668e-06
-4.8538307873229e-06
-5.1959165861396e-06
-5.5564935092164e-06
-5.9355615565539e-06
-6.3331207281513e-06
-6.7491710240095e-06
-7.1837124441277e-06
-7.6367449885066e-06
-8.1082686571454e-06
-8.4466040835212e-06
-7.9750804148821e-06
-7.5220478705034e-06
-7.087506450385e-06
-6.6714561545271e-06
-6.2738969829294e-06
-5.8948289355921e-06
-5.5342520125152e-06
-5.1921662136987e-06
-4.8685715391424e-06
-4.5634679888466e-06
-4.2768555628111e-06
-4.0087342610358e-06
-3.7591040835212e-06
-3.5279650302668e-06
-3.3153171012726e-06
-3.121160296539e-06
-2.9454946160655e-06
-2.7883200598526e-06
-2.6496366278998e-06
-2.5294443202076e-06
-2.4277431367756e-06
-2.344533077604e-06
-2.2798141426927e-06
-2.2335863320419e-06
-2.2058496456513e-06
-2.1966040835212e-06
-2.2058496456513e-06
-2.2335863320419e-06
-2.2798141426927e-06
-2.344533077604e-06
-2.4277431367756e-06
-2.5294443202076e-06
-2.6496366278998e-06
-2.7883200598526e-06
-2.9454946160655e-06
-3.121160296539e-06
-3.3153171012726e-06
-3.5279650302668e-06
-3.7591040835212e-06
-4.0087342610358e-06
-4.2768555628111e-06
-4.5634679888465e-06
-4.8685715391425e-06
-5.1921662136986e-06
-5.5342520125153e-06
-5.8948289355921e-06
-6.2738969829296e-06
-6.671456154527e-06
-7.0875064503852e-06
-7.5220478705034e-06
-7.9750804148823e-06
-8.4466040835212e-06
-8.4558496456513e-06
-7.9843259770123e-06
-7.5312934326336e-06
-7.0967520125152e-06
-6.6807017166573e-06
-6.2831425450596e-06
-5.9040744977223e-06
-5.5434975746454e-06
-5.2014117758288e-06
-4.8778171012726e-06
-4.5727135509768e-06
-4.2861011249413e-06
-4.017979823166e-06
-3.7683496456513e-06
-3.537210592397e-06
-3.3245626634028e-06
-3.1304058586692e-06
-2.9547401781957e-06
-2.7975656219827e-06
-2.65888219003e-06
-2.5386898823377e-06
-2.4369886989057e-06
-2.3537786397342e-06
-2.2890597048229e-06
-2.242831894172e-06
-2.2150952077815e-06
-2.2058496456513e-06
-2.2150952077815e-06
-2.242831894172e-06
-2.2890597048229e-06
-2.3537786397342e-06
-2.4369886989057e-06
-2.5386898823377e-06
-2.65888219003e-06
-2.7975656219827e-06
-2.9547401781957e-06
-3.1304058586692e-06
-3.3245626634028e-06
-3.537210592397e-06
-3.7683496456513e-06
-4.017979823166e-06
-4.2861011249413e-06
-4.5727135509767e-06
-4.8778171012727e-06
-5.2014117758287e-06
-5.5434975746455e-06
-5.9040744977222e-06
-6.2831425450597e-06
-6.6807017166572e-06
-7.0967520125154e-06
-7.5312934326335e-06
-7.9843259770125e-06
-8.4558496456513e-06
-8.814185072027e-06
-8.342661403388e-06
-7.8896288590093e-06
-7.4550874388909e-06
-7.039037143033e-06
-6.6414779714353e-06
-6.262409924098e-06
-5.9018330010211e-06
-5.5597472022045e-06
-5.2361525276483e-06
-4.9310489773525e-06
-4.644436551317e-06
-4.3763152495417e-06
-4.126685072027e-06
-3.8955460187727e-06
-3.6828980897785e-06
-3.4887412850449e-06
-3.3130756045714e-06
-3.1559010483584e-06
-3.0172176164057e-06
-2.8970253087135e-06
-2.7953241252814e-06
-2.7121140661099e-06
-2.6473951311986e-06
-2.6011673205477e-06
-2.5734306341572e-06
-2.564185072027e-06
-2.5734306341572e-06
-2.6011673205477e-06
-2.6473951311986e-06
-2.7121140661099e-06
-2.7953241252814e-06
-2.8970253087135e-06
-3.0172176164057e-06
-3.1559010483584e-06
-3.3130756045714e-06
-3.4887412850449e-06
-3.6828980897785e-06
-3.8955460187727e-06
-4.126685072027e-06
-4.3763152495417e-06
-4.644436551317e-06
-4.9310489773524e-06
-5.2361525276484e-06
-5.5597472022044e-06
-5.9018330010212e-06
-6.262409924098e-06
-6.6414779714354e-06
-7.0390371430329e-06
-7.4550874388911e-06
-7.8896288590092e-06
-8.3426614033882e-06
-8.814185072027e-06
-8.8234306341572e-06
-8.3519069655182e-06
-7.8988744211395e-06
-7.4643330010211e-06
-7.0482827051632e-06
-6.6507235335655e-06
-6.2716554862282e-06
-5.9110785631513e-06
-5.5689927643347e-06
-5.2453980897785e-06
-4.9402945394827e-06
-4.6536821134472e-06
-4.3855608116719e-06
-4.1359306341572e-06
-3.9047915809029e-06
-3.6921436519087e-06
-3.497986847175e-06
-3.3223211667016e-06
-3.1651466104886e-06
-3.0264631785359e-06
-2.9062708708436e-06
-2.8045696874116e-06
-2.7213596282401e-06
-2.6566406933288e-06
-2.6104128826779e-06
-2.5826761962874e-06
-2.5734306341572e-06
-2.5826761962874e-06
-2.6104128826779e-06
-2.6566406933288e-06
-2.7213596282401e-06
-2.8045696874116e-06
-2.9062708708436e-06
-3.0264631785359e-06
-3.1651466104886e-06
-3.3223211667016e-06
-3.497986847175e-06
-3.6921436519087e-06
-3.9047915809029e-06
-4.1359306341572e-06
-4.3855608116719e-06
-4.6536821134472e-06
-4.9402945394825e-06
-5.2453980897786e-06
-5.5689927643346e-06
-5.9110785631514e-06
-6.2716554862281e-06
-6.6507235335656e-06
-7.0482827051631e-06
-7.4643330010213e-06
-7.8988744211394e-06
-8.3519069655184e-06
-8.8234306341572e-06
-9.2017660605329e-06
-8.7302423918939e-06
-8.2772098475152e-06
-7.8426684273968e-06
-7.4266181315389e-06
-7.0290589599412e-06
-6.6499909126039e-06
-6.289413989527e-06
-5.9473281907104e-06
-5.6237335161542e-06
-5.3186299658584e-06
-5.0320175398229e-06
-4.7638962380476e-06
-4.5142660605329e-06
-4.2831270072786e-06
-4.0704790782844e-06
-3.8763222735507e-06
-3.7006565930773e-06
-3.5434820368643e-06
-3.4047986049116e-06
-3.2846062972193e-06
-3.1829051137873e-06
-3.0996950546158e-06
-3.0349761197045e-06
-2.9887483090536e-06
-2.9610116226631e-06
-2.9517660605329e-06
-2.9610116226631e-06
-2.9887483090536e-06
-3.0349761197045e-06
-3.0996950546158e-06
-3.1829051137873e-06
-3.2846062972193e-06
-3.4047986049116e-06
-3.5434820368643e-06
-3.7006565930773e-06
-3.8763222735507e-06
-4.0704790782844e-06
-4.2831270072786e-06
-4.5142660605329e-06
-4.7638962380476e-06
-5.0320175398229e-06
-5.3186299658582e-06
-5.6237335161543e-06
-5.9473281907103e-06
-6.2894139895271e-06
-6.6499909126038e-06
-7.0290589599413e-06
-7.4266181315388e-06
-7.842668427397e-06
-8.2772098475151e-06
-8.7302423918941e-06
-9.2017660605329e-06
-9.2110116226631e-06
-8.739487954024e-06
-8.2864554096454e-06
-7.851913989527e-06
-7.435863693669e-06
-7.0383045220714e-06
-6.6592364747341e-06
-6.2986595516572e-06
-5.9565737528406e-06
-5.6329790782844e-06
-5.3278755279885e-06
-5.0412631019531e-06
-4.7731418001778e-06
-4.5235116226631e-06
-4.2923725694088e-06
-4.0797246404146e-06
-3.8855678356809e-06
-3.7099021552075e-06
-3.5527275989945e-06
-3.4140441670418e-06
-3.2938518593495e-06
-3.1921506759175e-06
-3.108940616746e-06
-3.0442216818347e-06
-2.9979938711838e-06
-2.9702571847933e-06
-2.9610116226631e-06
-2.9702571847933e-06
-2.9979938711838e-06
-3.0442216818347e-06
-3.108940616746e-06
-3.1921506759175e-06
-3.2938518593495e-06
-3.4140441670418e-06
-3.5527275989945e-06
-3.7099021552075e-06
-3.8855678356809e-06
-4.0797246404146e-06
-4.2923725694088e-06
-4.5235116226631e-06
-4.7731418001778e-06
-5.0412631019531e-06
-5.3278755279884e-06
-5.6329790782845e-06
-5.9565737528405e-06
-6.2986595516573e-06
-6.659236474734e-06
-7.0383045220715e-06
-7.435863693669e-06
-7.8519139895272e-06
-8.2864554096453e-06
-8.7394879540243e-06
-9.2110116226631e-06
-9.6093470490388e-06
-9.1378233803998e-06
-8.6847908360211e-06
-8.2502494159027e-06
-7.8341991200447e-06
-7.4366399484471e-06
-7.0575719011098e-06
-6.6969949780329e-06
-6.3549091792163e-06
-6.0313145046601e-06
-5.7262109543643e-06
-5.4395985283288e-06
-5.1714772265535e-06
-4.9218470490388e-06
-4.6907079957845e-06
-4.4780600667903e-06
-4.2839032620566e-06
-4.1082375815832e-06
-3.9510630253702e-06
-3.8123795934175e-06
-3.6921872857252e-06
-3.5904861022932e-06
-3.5072760431217e-06
-3.4425571082104e-06
-3.3963292975595e-06
-3.368592611169e-06
-3.3593470490388e-06
-3.368592611169e-06
-3.3963292975595e-06
-3.4425571082104e-06
-3.5072760431217e-06
-3.5904861022932e-06
-3.6921872857252e-06
-3.8123795934175e-06
-3.9510630253702e-06
-4.1082375815832e-06
-4.2839032620566e-06
-4.4780600667903e-06
-4.6907079957845e-06
-4.9218470490388e-06
-5.1714772265535e-06
-5.4395985283288e-06
-5.7262109543641e-06
-6.0313145046602e-06
-6.3549091792162e-06
-6.696994978033e-06
-7.0575719011097e-06
-7.4366399484472e-06
-7.8341991200447e-06
-8.2502494159029e-06
-8.684790836021e-06
-9.1378233804e-06
-9.6093470490388e-06
-9.618592611169e-06
-9.1470689425299e-06
-8.6940363981512e-06
-8.2594949780329e-06
-7.8434446821749e-06
-7.4458855105773e-06
-7.06681746324e-06
-6.7062405401631e-06
-6.3641547413465e-06
-6.0405600667903e-06
-5.7354565164944e-06
-5.4488440904589e-06
-5.1807227886837e-06
-4.931092611169e-06
-4.6999535579147e-06
-4.4873056289204e-06
-4.2931488241868e-06
-4.1174831437133e-06
-3.9603085875004e-06
-3.8216251555477e-06
-3.7014328478554e-06
-3.5997316644234e-06
-3.5165216052518e-06
-3.4518026703406e-06
-3.4055748596897e-06
-3.3778381732992e-06
-3.368592611169e-06
-3.3778381732992e-06
-3.4055748596897e-06
-3.4518026703406e-06
-3.5165216052518e-06
-3.5997316644234e-06
-3.7014328478554e-06
-3.8216251555477e-06
-3.9603085875004e-06
-4.1174831437133e-06
-4.2931488241868e-06
-4.4873056289204e-06
-4.6999535579147e-06
-4.931092611169e-06
-5.1807227886837e-06
-5.4488440904589e-06
-5.7354565164943e-06
-6.0405600667903e-06
-6.3641547413464e-06
-6.7062405401631e-06
-7.0668174632399e-06
-7.4458855105774e-06
-7.8434446821748e-06
-8.2594949780331e-06
-8.6940363981512e-06
-9.1470689425302e-06
-9.618592611169e-06
-1.0036928037545e-05
-9.5654043689056e-06
-9.1123718245269e-06
-8.6778304044086e-06
-8.2617801085506e-06
-7.864220936953e-06
-7.4851528896157e-06
-7.1245759665388e-06
-6.7824901677222e-06
-6.458895493166e-06
-6.1537919428701e-06
-5.8671795168347e-06
-5.5990582150594e-06
-5.3494280375447e-06
-5.1182889842904e-06
-4.9056410552962e-06
-4.7114842505625e-06
-4.535818570089e-06
-4.3786440138761e-06
-4.2399605819234e-06
-4.1197682742311e-06
-4.0180670907991e-06
-3.9348570316275e-06
-3.8701380967163e-06
-3.8239102860654e-06
-3.7961735996749e-06
-3.7869280375447e-06
-3.7961735996749e-06
-3.8239102860654e-06
-3.8701380967163e-06
-3.9348570316275e-06
-4.0180670907991e-06
-4.1197682742311e-06
-4.2399605819234e-06
-4.3786440138761e-06
-4.535818570089e-06
-4.7114842505625e-06
-4.9056410552962e-06
-5.1182889842904e-06
-5.3494280375447e-06
-5.5990582150594e-06
-5.8671795168347e-06
-6.15379194287e-06
-6.458895493166e-06
-6.7824901677221e-06
-7.1245759665389e-06
-7.4851528896156e-06
-7.8642209369531e-06
-8.2617801085505e-06
-8.6778304044088e-06
-9.1123718245269e-06
-9.5654043689059e-06
-1.0036928037545e-05
-1.0046173599675e-05
-9.5746499310358e-06
-9.1216173866571e-06
-8.6870759665388e-06
-8.2710256706808e-06
-7.8734664990832e-06
-7.4943984517459e-06
-7.133821528669e-06
-6.7917357298524e-06
-6.4681410552962e-06
-6.1630375050003e-06
-5.8764250789648e-06
-5.6083037771895e-06
-5.3586735996749e-06
-5.1275345464205e-06
-4.9148866174263e-06
-4.7207298126927e-06
-4.5450641322192e-06
-4.3878895760063e-06
-4.2492061440535e-06
-4.1290138363613e-06
-4.0273126529293e-06
-3.9441025937577e-06
-3.8793836588464e-06
-3.8331558481956e-06
-3.805419161805e-06
-3.7961735996749e-06
-3.805419161805e-06
-3.8331558481956e-06
-3.8793836588464e-06
-3.9441025937577e-06
-4.0273126529293e-06
-4.1290138363613e-06
-4.2492061440535e-06
-4.3878895760063e-06
-4.5450641322192e-06
-4.7207298126927e-06
-4.9148866174263e-06
-5.1275345464205e-06
-5.3586735996749e-06
-5.6083037771895e-06
-5.8764250789648e-06
-6.1630375050002e-06
-6.4681410552962e-06
-6.7917357298523e-06
-7.133821528669e-06
-7.4943984517458e-06
-7.8734664990833e-06
-8.2710256706807e-06
-8.6870759665389e-06
-9.1216173866571e-06
-9.574649931036e-06
-1.0046173599675e-05
-1.0484509026051e-05
-1.0012985357412e-05
-9.5599528130328e-06
-9.1254113929145e-06
-8.7093610970565e-06
-8.3118019254589e-06
-7.9327338781216e-06
-7.5721569550447e-06
-7.2300711562281e-06
-6.9064764816719e-06
-6.601372931376e-06
-6.3147605053405e-06
-6.0466392035652e-06
-5.7970090260506e-06
-5.5658699727962e-06
-5.353222043802e-06
-5.1590652390684e-06
-4.9833995585949e-06
-4.826225002382e-06
-4.6875415704292e-06
-4.567349262737e-06
-4.465648079305e-06
-4.3824380201334e-06
-4.3177190852222e-06
-4.2714912745713e-06
-4.2437545881807e-06
-4.2345090260506e-06
-4.2437545881807e-06
-4.2714912745713e-06
-4.3177190852222e-06
-4.3824380201334e-06
-4.465648079305e-06
-4.567349262737e-06
-4.6875415704292e-06
-4.826225002382e-06
-4.9833995585949e-06
-5.1590652390684e-06
-5.353222043802e-06
-5.5658699727962e-06
-5.7970090260506e-06
-6.0466392035652e-06
-6.3147605053405e-06
-6.6013729313759e-06
-6.9064764816719e-06
-7.230071156228e-06
-7.5721569550447e-06
-7.9327338781215e-06
-8.311801925459e-06
-8.7093610970564e-06
-9.1254113929147e-06
-9.5599528130328e-06
-1.0012985357412e-05
-1.0484509026051e-05
-1.0493754588181e-05
-1.0022230919542e-05
-9.569198375163e-06
-9.1346569550447e-06
-8.7186066591867e-06
-8.321047487589e-06
-7.9419794402517e-06
-7.5814025171749e-06
-7.2393167183583e-06
-6.915722043802e-06
-6.6106184935062e-06
-6.3240060674707e-06
-6.0558847656954e-06
-5.8062545881808e-06
-5.5751155349264e-06
-5.3624676059322e-06
-5.1683108011986e-06
-4.9926451207251e-06
-4.8354705645122e-06
-4.6967871325594e-06
-4.5765948248672e-06
-4.4748936414352e-06
-4.3916835822636e-06
-4.3269646473523e-06
-4.2807368367015e-06
-4.2530001503109e-06
-4.2437545881808e-06
-4.2530001503109e-06
-4.2807368367015e-06
-4.3269646473523e-06
-4.3916835822636e-06
-4.4748936414352e-06
-4.5765948248672e-06
-4.6967871325594e-06
-4.8354705645122e-06
-4.9926451207251e-06
-5.1683108011986e-06
-5.3624676059322e-06
-5.5751155349264e-06
-5.8062545881808e-06
-6.0558847656954e-06
-6.3240060674707e-06
-6.6106184935061e-06
-6.9157220438021e-06
-7.2393167183582e-06
-7.5814025171749e-06
-7.9419794402517e-06
-8.3210474875892e-06
-8.7186066591866e-06
-9.1346569550448e-06
-9.569198375163e-06
-1.0022230919542e-05
-1.0493754588181e-05
-1.0952090014556e-05
-1.0480566345917e-05
-1.0027533801539e-05
-9.5929923814204e-06
-9.1769420855624e-06
-8.7793829139647e-06
-8.4003148666275e-06
-8.0397379435506e-06
-7.697652144734e-06
-7.3740574701777e-06
-7.0689539198819e-06
-6.7823414938464e-06
-6.5142201920711e-06
-6.2645900145565e-06
-6.0334509613021e-06
-5.8208030323079e-06
-5.6266462275743e-06
-5.4509805471008e-06
-5.2938059908879e-06
-5.1551225589351e-06
-5.0349302512429e-06
-4.9332290678109e-06
-4.8500190086393e-06
-4.785300073728e-06
-4.7390722630772e-06
-4.7113355766866e-06
-4.7020900145565e-06
-4.7113355766866e-06
-4.7390722630772e-06
-4.785300073728e-06
-4.8500190086393e-06
-4.9332290678109e-06
-5.0349302512429e-06
-5.1551225589351e-06
-5.2938059908879e-06
-5.4509805471008e-06
-5.6266462275743e-06
-5.8208030323079e-06
-6.0334509613021e-06
-6.2645900145565e-06
-6.5142201920711e-06
-6.7823414938464e-06
-7.0689539198818e-06
-7.3740574701778e-06
-7.6976521447339e-06
-8.0397379435506e-06
-8.4003148666274e-06
-8.7793829139649e-06
-9.1769420855623e-06
-9.5929923814205e-06
-1.0027533801539e-05
-1.0480566345918e-05
-1.0952090014556e-05
-1.0961335576687e-05
-1.0489811908048e-05
-1.0036779363669e-05
-9.6022379435505e-06
-9.1861876476926e-06
-8.7886284760949e-06
-8.4095604287576e-06
-8.0489835056807e-06
-7.7068977068642e-06
-7.3833030323079e-06
-7.0781994820121e-06
-6.7915870559766e-06
-6.5234657542013e-06
-6.2738355766866e-06
-6.0426965234323e-06
-5.8300485944381e-06
-5.6358917897045e-06
-5.460226109231e-06
-5.303051553018e-06
-5.1643681210653e-06
-5.0441758133731e-06
-4.942474629941e-06
-4.8592645707695e-06
-4.7945456358582e-06
-4.7483178252074e-06
-4.7205811388168e-06
-4.7113355766866e-06
-4.7205811388168e-06
-4.7483178252074e-06
-4.7945456358582e-06
-4.8592645707695e-06
-4.942474629941e-06
-5.0441758133731e-06
-5.1643681210653e-06
-5.303051553018e-06
-5.460226109231e-06
-5.6358917897045e-06
-5.8300485944381e-06
-6.0426965234323e-06
-6.2738355766866e-06
-6.5234657542013e-06
-6.7915870559766e-06
-7.078199482012e-06
-7.383303032308e-06
-7.706897706864e-06
-8.0489835056808e-06
-8.4095604287576e-06
-8.788628476095e-06
-9.1861876476925e-06
-9.6022379435507e-06
-1.0036779363669e-05
-1.0489811908048e-05
-1.0961335576687e-05
-1.1439671003062e-05
-1.0968147334423e-05
-1.0515114790045e-05
-1.0080573369926e-05
-9.6645230740683e-06
-9.2669639024706e-06
-8.8878958551333e-06
-8.5273189320564e-06
-8.1852331332399e-06
-7.8616384586836e-06
-7.5565349083878e-06
-7.2699224823523e-06
-7.001801180577e-06
-6.7521710030623e-06
-6.521031949808e-06
-6.3083840208138e-06
-6.1142272160802e-06
-5.9385615356067e-06
-5.7813869793938e-06
-5.642703547441e-06
-5.5225112397488e-06
-5.4208100563168e-06
-5.3375999971452e-06
-5.2728810622339e-06
-5.2266532515831e-06
-5.1989165651925e-06
-5.1896710030623e-06
-5.1989165651925e-06
-5.2266532515831e-06
-5.2728810622339e-06
-5.3375999971452e-06
-5.4208100563168e-06
-5.5225112397488e-06
-5.642703547441e-06
-5.7813869793938e-06
-5.9385615356067e-06
-6.1142272160802e-06
-6.3083840208138e-06
-6.521031949808e-06
-6.7521710030623e-06
-7.001801180577e-06
-7.2699224823523e-06
-7.5565349083877e-06
-7.8616384586837e-06
-8.1852331332398e-06
-8.5273189320565e-06
-8.8878958551333e-06
-9.2669639024708e-06
-9.6645230740682e-06
-1.0080573369926e-05
-1.0515114790045e-05
-1.0968147334424e-05
-1.1439671003062e-05
-1.1448916565193e-05
-1.0977392896553e-05
-1.0524360352175e-05
-1.0089818932056e-05
-9.6737686361985e-06
-9.2762094646008e-06
-8.8971414172635e-06
-8.5365644941866e-06
-8.19447869537e-06
-7.8708840208138e-06
-7.565780470518e-06
-7.2791680444825e-06
-7.0110467427072e-06
-6.7614165651925e-06
-6.5302775119382e-06
-6.317629582944e-06
-6.1234727782103e-06
-5.9478070977369e-06
-5.7906325415239e-06
-5.6519491095712e-06
-5.5317568018789e-06
-5.4300556184469e-06
-5.3468455592754e-06
-5.2821266243641e-06
-5.2358988137132e-06
-5.2081621273227e-06
-5.1989165651925e-06
-5.2081621273227e-06
-5.2358988137132e-06
-5.2821266243641e-06
-5.3468455592754e-06
-5.4300556184469e-06
-5.5317568018789e-06
-5.6519491095712e-06
-5.7906325415239e-06
-5.9478070977369e-06
-6.1234727782103e-06
-6.317629582944e-06
-6.5302775119382e-06
-6.7614165651925e-06
-7.0110467427072e-06
-7.2791680444825e-06
-7.5657804705179e-06
-7.8708840208139e-06
-8.1944786953699e-06
-8.5365644941867e-06
-8.8971414172634e-06
-9.2762094646009e-06
-9.6737686361984e-06
-1.0089818932057e-05
-1.0524360352175e-05
-1.0977392896554e-05
-1.1448916565193e-05
-1.1947251991568e-05
-1.1475728322929e-05
-1.102269577855e-05
-1.0588154358432e-05
-1.0172104062574e-05
-9.7745448909765e-06
-9.3954768436392e-06
-9.0348999205623e-06
-8.6928141217457e-06
-8.3692194471895e-06
-8.0641158968937e-06
-7.7775034708582e-06
-7.5093821690829e-06
-7.2597519915682e-06
-7.0286129383139e-06
-6.8159650093197e-06
-6.6218082045861e-06
-6.4461425241126e-06
-6.2889679678996e-06
-6.1502845359469e-06
-6.0300922282547e-06
-5.9283910448226e-06
-5.8451809856511e-06
-5.7804620507398e-06
-5.7342342400889e-06
-5.7064975536984e-06
-5.6972519915682e-06
-5.7064975536984e-06
-5.7342342400889e-06
-5.7804620507398e-06
-5.8451809856511e-06
-5.9283910448226e-06
-6.0300922282547e-06
-6.1502845359469e-06
-6.2889679678996e-06
-6.4461425241126e-06
-6.6218082045861e-06
-6.8159650093197e-06
-7.0286129383139e-06
-7.2597519915682e-06
-7.5093821690829e-06
-7.7775034708582e-06
-8.0641158968936e-06
-8.3692194471896e-06
-8.6928141217456e-06
-9.0348999205624e-06
-9.3954768436391e-06
-9.7745448909766e-06
-1.0172104062574e-05
-1.0588154358432e-05
-1.102269577855e-05
-1.1475728322929e-05
-1.1947251991568e-05
-1.1956497553698e-05
-1.1484973885059e-05
-1.1031941340681e-05
-1.0597399920562e-05
-1.0181349624704e-05
-9.7837904531067e-06
-9.4047224057694e-06
-9.0441454826925e-06
-8.7020596838759e-06
-8.3784650093197e-06
-8.0733614590239e-06
-7.7867490329884e-06
-7.5186277312131e-06
-7.2689975536984e-06
-7.0378585004441e-06
-6.8252105714499e-06
-6.6310537667162e-06
-6.4553880862428e-06
-6.2982135300298e-06
-6.1595300980771e-06
-6.0393377903848e-06
-5.9376366069528e-06
-5.8544265477813e-06
-5.78970761287e-06
-5.7434798022191e-06
-5.7157431158286e-06
-5.7064975536984e-06
-5.7157431158286e-06
-5.7434798022191e-06
-5.78970761287e-06
-5.8544265477813e-06
-5.9376366069528e-06
-6.0393377903848e-06
-6.1595300980771e-06
-6.2982135300298e-06
-6.4553880862428e-06
-6.6310537667162e-06
-6.8252105714499e-06
-7.0378585004441e-06
-7.2689975536984e-06
-7.5186277312131e-06
-7.7867490329884e-06
-8.0733614590237e-06
-8.3784650093198e-06
-8.7020596838758e-06
-9.0441454826926e-06
-9.4047224057693e-06
-9.7837904531068e-06
-1.0181349624704e-05
-1.0597399920562e-05
-1.1031941340681e-05
-1.148497388506e-05
-1.1956497553698e-05
)
;

boundaryField
{
    front
    {
        type            empty;
    }
    back
    {
        type            empty;
    }
    left
    {
        type            zeroGradient;
    }
    right
    {
        type            zeroGradient;
    }
    top
    {
        type            zeroGradient;
    }
    bottomRemainder
    {
        type            zeroGradient;
    }
}


// ************************************************************************* //
