/*--------------------------------*- C++ -*----------------------------------*\
| =========                 |                                                 |
| \\      /  F ield         | OpenFOAM: The Open Source CFD Toolbox           |
|  \\    /   O peration     | Version:  2312                                  |
|   \\  /    A nd           | Website:  www.openfoam.com                      |
|    \\/     M anipulation  |                                                 |
\*---------------------------------------------------------------------------*/
FoamFile
{
    version     2.0;
    format      ascii;
    arch        "LSB;label=32;scalar=64";
    note        "nPoints:2756  nCells:1300  nFaces:5277  nInternalFaces:2523";
    class       labelList;
    location    "constant/polyMesh";
    object      owner;
}
// * * * * * * * * * * * * * * * * * * * * * * * * * * * * * * * * * * * * * //


5277
(
0
0
1
1
2
2
3
3
4
4
5
5
6
6
7
7
8
8
9
9
10
10
11
11
12
12
13
13
14
14
15
15
16
16
17
17
18
18
19
19
20
20
21
21
22
22
23
23
24
24
25
25
26
26
27
27
28
28
29
29
30
30
31
31
32
32
33
33
34
34
35
35
36
36
37
37
38
38
39
39
40
40
41
41
42
42
43
43
44
44
45
45
46
46
47
47
48
48
49
49
50
50
51
52
52
53
53
54
54
55
55
56
56
57
57
58
58
59
59
60
60
61
61
62
62
63
63
64
64
65
65
66
66
67
67
68
68
69
69
70
70
71
71
72
72
73
73
74
74
75
75
76
76
77
77
78
78
79
79
80
80
81
81
82
82
83
83
84
84
85
85
86
86
87
87
88
88
89
89
90
90
91
91
92
92
93
93
94
94
95
95
96
96
97
97
98
98
99
99
100
100
101
101
102
102
103
104
104
105
105
106
106
107
107
108
108
109
109
110
110
111
111
112
112
113
113
114
114
115
115
116
116
117
117
118
118
119
119
120
120
121
121
122
122
123
123
124
124
125
125
126
126
127
127
128
128
129
129
130
130
131
131
132
132
133
133
134
134
135
135
136
136
137
137
138
138
139
139
140
140
141
141
142
142
143
143
144
144
145
145
146
146
147
147
148
148
149
149
150
150
151
151
152
152
153
153
154
154
155
156
156
157
157
158
158
159
159
160
160
161
161
162
162
163
163
164
164
165
165
166
166
167
167
168
168
169
169
170
170
171
171
172
172
173
173
174
174
175
175
176
176
177
177
178
178
179
179
180
180
181
181
182
182
183
183
184
184
185
185
186
186
187
187
188
188
189
189
190
190
191
191
192
192
193
193
194
194
195
195
196
196
197
197
198
198
199
199
200
200
201
201
202
202
203
203
204
204
205
205
206
206
207
208
208
209
209
210
210
211
211
212
212
213
213
214
214
215
215
216
216
217
217
218
218
219
219
220
220
221
221
222
222
223
223
224
224
225
225
226
226
227
227
228
228
229
229
230
230
231
231
232
232
233
233
234
234
235
235
236
236
237
237
238
238
239
239
240
240
241
241
242
242
243
243
244
244
245
245
246
246
247
247
248
248
249
249
250
250
251
251
252
252
253
253
254
254
255
255
256
256
257
257
258
258
259
260
260
261
261
262
262
263
263
264
264
265
265
266
266
267
267
268
268
269
269
270
270
271
271
272
272
273
273
274
274
275
275
276
276
277
277
278
278
279
279
280
280
281
281
282
282
283
283
284
284
285
285
286
286
287
287
288
288
289
289
290
290
291
291
292
292
293
293
294
294
295
295
296
296
297
297
298
298
299
299
300
300
301
301
302
302
303
303
304
304
305
305
306
306
307
307
308
308
309
309
310
310
311
312
312
313
313
314
314
315
315
316
316
317
317
318
318
319
319
320
320
321
321
322
322
323
323
324
324
325
325
326
326
327
327
328
328
329
329
330
330
331
331
332
332
333
333
334
334
335
335
336
336
337
337
338
338
339
339
340
340
341
341
342
342
343
343
344
344
345
345
346
346
347
347
348
348
349
349
350
350
351
351
352
352
353
353
354
354
355
355
356
356
357
357
358
358
359
359
360
360
361
361
362
362
363
364
364
365
365
366
366
367
367
368
368
369
369
370
370
371
371
372
372
373
373
374
374
375
375
376
376
377
377
378
378
379
379
380
380
381
381
382
382
383
383
384
384
385
385
386
386
387
387
388
388
389
389
390
390
391
391
392
392
393
393
394
394
395
395
396
396
397
397
398
398
399
399
400
400
401
401
402
402
403
403
404
404
405
405
406
406
407
407
408
408
409
409
410
410
411
411
412
412
413
413
414
414
415
416
416
417
417
418
418
419
419
420
420
421
421
422
422
423
423
424
424
425
425
426
426
427
427
428
428
429
429
430
430
431
431
432
432
433
433
434
434
435
435
436
436
437
437
438
438
439
439
440
440
441
441
442
442
443
443
444
444
445
445
446
446
447
447
448
448
449
449
450
450
451
451
452
452
453
453
454
454
455
455
456
456
457
457
458
458
459
459
460
460
461
461
462
462
463
463
464
464
465
465
466
466
467
468
468
469
469
470
470
471
471
472
472
473
473
474
474
475
475
476
476
477
477
478
478
479
479
480
480
481
481
482
482
483
483
484
484
485
485
486
486
487
487
488
488
489
489
490
490
491
491
492
492
493
493
494
494
495
495
496
496
497
497
498
498
499
499
500
500
501
501
502
502
503
503
504
504
505
505
506
506
507
507
508
508
509
509
510
510
511
511
512
512
513
513
514
514
515
515
516
516
517
517
518
518
519
520
520
521
521
522
522
523
523
524
524
525
525
526
526
527
527
528
528
529
529
530
530
531
531
532
532
533
533
534
534
535
535
536
536
537
537
538
538
539
539
540
540
541
541
542
542
543
543
544
544
545
545
546
546
547
547
548
548
549
549
550
550
551
551
552
552
553
553
554
554
555
555
556
556
557
557
558
558
559
559
560
560
561
561
562
562
563
563
564
564
565
565
566
566
567
567
568
568
569
569
570
570
571
572
572
573
573
574
574
575
575
576
576
577
577
578
578
579
579
580
580
581
581
582
582
583
583
584
584
585
585
586
586
587
587
588
588
589
589
590
590
591
591
592
592
593
593
594
594
595
595
596
596
597
597
598
598
599
599
600
600
601
601
602
602
603
603
604
604
605
605
606
606
607
607
608
608
609
609
610
610
611
611
612
612
613
613
614
614
615
615
616
616
617
617
618
618
619
619
620
620
621
621
622
622
623
624
624
625
625
626
626
627
627
628
628
629
629
630
630
631
631
632
632
633
633
634
634
635
635
636
636
637
637
638
638
639
639
640
640
641
641
642
642
643
643
644
644
645
645
646
646
647
647
648
648
649
649
650
650
651
651
652
652
653
653
654
654
655
655
656
656
657
657
658
658
659
659
660
660
661
661
662
662
663
663
664
664
665
665
666
666
667
667
668
668
669
669
670
670
671
671
672
672
673
673
674
674
675
676
676
677
677
678
678
679
679
680
680
681
681
682
682
683
683
684
684
685
685
686
686
687
687
688
688
689
689
690
690
691
691
692
692
693
693
694
694
695
695
696
696
697
697
698
698
699
699
700
700
701
701
702
702
703
703
704
704
705
705
706
706
707
707
708
708
709
709
710
710
711
711
712
712
713
713
714
714
715
715
716
716
717
717
718
718
719
719
720
720
721
721
722
722
723
723
724
724
725
725
726
726
727
728
728
729
729
730
730
731
731
732
732
733
733
734
734
735
735
736
736
737
737
738
738
739
739
740
740
741
741
742
742
743
743
744
744
745
745
746
746
747
747
748
748
749
749
750
750
751
751
752
752
753
753
754
754
755
755
756
756
757
757
758
758
759
759
760
760
761
761
762
762
763
763
764
764
765
765
766
766
767
767
768
768
769
769
770
770
771
771
772
772
773
773
774
774
775
775
776
776
777
777
778
778
779
780
780
781
781
782
782
783
783
784
784
785
785
786
786
787
787
788
788
789
789
790
790
791
791
792
792
793
793
794
794
795
795
796
796
797
797
798
798
799
799
800
800
801
801
802
802
803
803
804
804
805
805
806
806
807
807
808
808
809
809
810
810
811
811
812
812
813
813
814
814
815
815
816
816
817
817
818
818
819
819
820
820
821
821
822
822
823
823
824
824
825
825
826
826
827
827
828
828
829
829
830
830
831
832
832
833
833
834
834
835
835
836
836
837
837
838
838
839
839
840
840
841
841
842
842
843
843
844
844
845
845
846
846
847
847
848
848
849
849
850
850
851
851
852
852
853
853
854
854
855
855
856
856
857
857
858
858
859
859
860
860
861
861
862
862
863
863
864
864
865
865
866
866
867
867
868
868
869
869
870
870
871
871
872
872
873
873
874
874
875
875
876
876
877
877
878
878
879
879
880
880
881
881
882
882
883
884
884
885
885
886
886
887
887
888
888
889
889
890
890
891
891
892
892
893
893
894
894
895
895
896
896
897
897
898
898
899
899
900
900
901
901
902
902
903
903
904
904
905
905
906
906
907
907
908
908
909
909
910
910
911
911
912
912
913
913
914
914
915
915
916
916
917
917
918
918
919
919
920
920
921
921
922
922
923
923
924
924
925
925
926
926
927
927
928
928
929
929
930
930
931
931
932
932
933
933
934
934
935
936
936
937
937
938
938
939
939
940
940
941
941
942
942
943
943
944
944
945
945
946
946
947
947
948
948
949
949
950
950
951
951
952
952
953
953
954
954
955
955
956
956
957
957
958
958
959
959
960
960
961
961
962
962
963
963
964
964
965
965
966
966
967
967
968
968
969
969
970
970
971
971
972
972
973
973
974
974
975
975
976
976
977
977
978
978
979
979
980
980
981
981
982
982
983
983
984
984
985
985
986
986
987
988
988
989
989
990
990
991
991
992
992
993
993
994
994
995
995
996
996
997
997
998
998
999
999
1000
1000
1001
1001
1002
1002
1003
1003
1004
1004
1005
1005
1006
1006
1007
1007
1008
1008
1009
1009
1010
1010
1011
1011
1012
1012
1013
1013
1014
1014
1015
1015
1016
1016
1017
1017
1018
1018
1019
1019
1020
1020
1021
1021
1022
1022
1023
1023
1024
1024
1025
1025
1026
1026
1027
1027
1028
1028
1029
1029
1030
1030
1031
1031
1032
1032
1033
1033
1034
1034
1035
1035
1036
1036
1037
1037
1038
1038
1039
1040
1040
1041
1041
1042
1042
1043
1043
1044
1044
1045
1045
1046
1046
1047
1047
1048
1048
1049
1049
1050
1050
1051
1051
1052
1052
1053
1053
1054
1054
1055
1055
1056
1056
1057
1057
1058
1058
1059
1059
1060
1060
1061
1061
1062
1062
1063
1063
1064
1064
1065
1065
1066
1066
1067
1067
1068
1068
1069
1069
1070
1070
1071
1071
1072
1072
1073
1073
1074
1074
1075
1075
1076
1076
1077
1077
1078
1078
1079
1079
1080
1080
1081
1081
1082
1082
1083
1083
1084
1084
1085
1085
1086
1086
1087
1087
1088
1088
1089
1089
1090
1090
1091
1092
1092
1093
1093
1094
1094
1095
1095
1096
1096
1097
1097
1098
1098
1099
1099
1100
1100
1101
1101
1102
1102
1103
1103
1104
1104
1105
1105
1106
1106
1107
1107
1108
1108
1109
1109
1110
1110
1111
1111
1112
1112
1113
1113
1114
1114
1115
1115
1116
1116
1117
1117
1118
1118
1119
1119
1120
1120
1121
1121
1122
1122
1123
1123
1124
1124
1125
1125
1126
1126
1127
1127
1128
1128
1129
1129
1130
1130
1131
1131
1132
1132
1133
1133
1134
1134
1135
1135
1136
1136
1137
1137
1138
1138
1139
1139
1140
1140
1141
1141
1142
1142
1143
1144
1144
1145
1145
1146
1146
1147
1147
1148
1148
1149
1149
1150
1150
1151
1151
1152
1152
1153
1153
1154
1154
1155
1155
1156
1156
1157
1157
1158
1158
1159
1159
1160
1160
1161
1161
1162
1162
1163
1163
1164
1164
1165
1165
1166
1166
1167
1167
1168
1168
1169
1169
1170
1170
1171
1171
1172
1172
1173
1173
1174
1174
1175
1175
1176
1176
1177
1177
1178
1178
1179
1179
1180
1180
1181
1181
1182
1182
1183
1183
1184
1184
1185
1185
1186
1186
1187
1187
1188
1188
1189
1189
1190
1190
1191
1191
1192
1192
1193
1193
1194
1194
1195
1196
1196
1197
1197
1198
1198
1199
1199
1200
1200
1201
1201
1202
1202
1203
1203
1204
1204
1205
1205
1206
1206
1207
1207
1208
1208
1209
1209
1210
1210
1211
1211
1212
1212
1213
1213
1214
1214
1215
1215
1216
1216
1217
1217
1218
1218
1219
1219
1220
1220
1221
1221
1222
1222
1223
1223
1224
1224
1225
1225
1226
1226
1227
1227
1228
1228
1229
1229
1230
1230
1231
1231
1232
1232
1233
1233
1234
1234
1235
1235
1236
1236
1237
1237
1238
1238
1239
1239
1240
1240
1241
1241
1242
1242
1243
1243
1244
1244
1245
1245
1246
1246
1247
1248
1249
1250
1251
1252
1253
1254
1255
1256
1257
1258
1259
1260
1261
1262
1263
1264
1265
1266
1267
1268
1269
1270
1271
1272
1273
1274
1275
1276
1277
1278
1279
1280
1281
1282
1283
1284
1285
1286
1287
1288
1289
1290
1291
1292
1293
1294
1295
1296
1297
1298
0
52
104
156
208
260
312
364
416
468
520
572
624
676
728
780
832
884
936
988
1040
1092
1144
1196
1248
1
53
105
157
209
261
313
365
417
469
521
573
625
677
729
781
833
885
937
989
1041
1093
1145
1197
1249
2
54
106
158
210
262
314
366
418
470
522
574
626
678
730
782
834
886
938
990
1042
1094
1146
1198
1250
3
55
107
159
211
263
315
367
419
471
523
575
627
679
731
783
835
887
939
991
1043
1095
1147
1199
1251
4
56
108
160
212
264
316
368
420
472
524
576
628
680
732
784
836
888
940
992
1044
1096
1148
1200
1252
5
57
109
161
213
265
317
369
421
473
525
577
629
681
733
785
837
889
941
993
1045
1097
1149
1201
1253
6
58
110
162
214
266
318
370
422
474
526
578
630
682
734
786
838
890
942
994
1046
1098
1150
1202
1254
7
59
111
163
215
267
319
371
423
475
527
579
631
683
735
787
839
891
943
995
1047
1099
1151
1203
1255
8
60
112
164
216
268
320
372
424
476
528
580
632
684
736
788
840
892
944
996
1048
1100
1152
1204
1256
9
61
113
165
217
269
321
373
425
477
529
581
633
685
737
789
841
893
945
997
1049
1101
1153
1205
1257
10
62
114
166
218
270
322
374
426
478
530
582
634
686
738
790
842
894
946
998
1050
1102
1154
1206
1258
11
63
115
167
219
271
323
375
427
479
531
583
635
687
739
791
843
895
947
999
1051
1103
1155
1207
1259
12
64
116
168
220
272
324
376
428
480
532
584
636
688
740
792
844
896
948
1000
1052
1104
1156
1208
1260
13
65
117
169
221
273
325
377
429
481
533
585
637
689
741
793
845
897
949
1001
1053
1105
1157
1209
1261
14
66
118
170
222
274
326
378
430
482
534
586
638
690
742
794
846
898
950
1002
1054
1106
1158
1210
1262
15
67
119
171
223
275
327
379
431
483
535
587
639
691
743
795
847
899
951
1003
1055
1107
1159
1211
1263
16
68
120
172
224
276
328
380
432
484
536
588
640
692
744
796
848
900
952
1004
1056
1108
1160
1212
1264
17
69
121
173
225
277
329
381
433
485
537
589
641
693
745
797
849
901
953
1005
1057
1109
1161
1213
1265
18
70
122
174
226
278
330
382
434
486
538
590
642
694
746
798
850
902
954
1006
1058
1110
1162
1214
1266
19
71
123
175
227
279
331
383
435
487
539
591
643
695
747
799
851
903
955
1007
1059
1111
1163
1215
1267
20
72
124
176
228
280
332
384
436
488
540
592
644
696
748
800
852
904
956
1008
1060
1112
1164
1216
1268
21
73
125
177
229
281
333
385
437
489
541
593
645
697
749
801
853
905
957
1009
1061
1113
1165
1217
1269
22
74
126
178
230
282
334
386
438
490
542
594
646
698
750
802
854
906
958
1010
1062
1114
1166
1218
1270
23
75
127
179
231
283
335
387
439
491
543
595
647
699
751
803
855
907
959
1011
1063
1115
1167
1219
1271
24
76
128
180
232
284
336
388
440
492
544
596
648
700
752
804
856
908
960
1012
1064
1116
1168
1220
1272
25
77
129
181
233
285
337
389
441
493
545
597
649
701
753
805
857
909
961
1013
1065
1117
1169
1221
1273
26
78
130
182
234
286
338
390
442
494
546
598
650
702
754
806
858
910
962
1014
1066
1118
1170
1222
1274
27
79
131
183
235
287
339
391
443
495
547
599
651
703
755
807
859
911
963
1015
1067
1119
1171
1223
1275
28
80
132
184
236
288
340
392
444
496
548
600
652
704
756
808
860
912
964
1016
1068
1120
1172
1224
1276
29
81
133
185
237
289
341
393
445
497
549
601
653
705
757
809
861
913
965
1017
1069
1121
1173
1225
1277
30
82
134
186
238
290
342
394
446
498
550
602
654
706
758
810
862
914
966
1018
1070
1122
1174
1226
1278
31
83
135
187
239
291
343
395
447
499
551
603
655
707
759
811
863
915
967
1019
1071
1123
1175
1227
1279
32
84
136
188
240
292
344
396
448
500
552
604
656
708
760
812
864
916
968
1020
1072
1124
1176
1228
1280
33
85
137
189
241
293
345
397
449
501
553
605
657
709
761
813
865
917
969
1021
1073
1125
1177
1229
1281
34
86
138
190
242
294
346
398
450
502
554
606
658
710
762
814
866
918
970
1022
1074
1126
1178
1230
1282
35
87
139
191
243
295
347
399
451
503
555
607
659
711
763
815
867
919
971
1023
1075
1127
1179
1231
1283
36
88
140
192
244
296
348
400
452
504
556
608
660
712
764
816
868
920
972
1024
1076
1128
1180
1232
1284
37
89
141
193
245
297
349
401
453
505
557
609
661
713
765
817
869
921
973
1025
1077
1129
1181
1233
1285
38
90
142
194
246
298
350
402
454
506
558
610
662
714
766
818
870
922
974
1026
1078
1130
1182
1234
1286
39
91
143
195
247
299
351
403
455
507
559
611
663
715
767
819
871
923
975
1027
1079
1131
1183
1235
1287
40
92
144
196
248
300
352
404
456
508
560
612
664
716
768
820
872
924
976
1028
1080
1132
1184
1236
1288
41
93
145
197
249
301
353
405
457
509
561
613
665
717
769
821
873
925
977
1029
1081
1133
1185
1237
1289
42
94
146
198
250
302
354
406
458
510
562
614
666
718
770
822
874
926
978
1030
1082
1134
1186
1238
1290
43
95
147
199
251
303
355
407
459
511
563
615
667
719
771
823
875
927
979
1031
1083
1135
1187
1239
1291
44
96
148
200
252
304
356
408
460
512
564
616
668
720
772
824
876
928
980
1032
1084
1136
1188
1240
1292
45
97
149
201
253
305
357
409
461
513
565
617
669
721
773
825
877
929
981
1033
1085
1137
1189
1241
1293
46
98
150
202
254
306
358
410
462
514
566
618
670
722
774
826
878
930
982
1034
1086
1138
1190
1242
1294
47
99
151
203
255
307
359
411
463
515
567
619
671
723
775
827
879
931
983
1035
1087
1139
1191
1243
1295
48
100
152
204
256
308
360
412
464
516
568
620
672
724
776
828
880
932
984
1036
1088
1140
1192
1244
1296
49
101
153
205
257
309
361
413
465
517
569
621
673
725
777
829
881
933
985
1037
1089
1141
1193
1245
1297
50
102
154
206
258
310
362
414
466
518
570
622
674
726
778
830
882
934
986
1038
1090
1142
1194
1246
1298
51
103
155
207
259
311
363
415
467
519
571
623
675
727
779
831
883
935
987
1039
1091
1143
1195
1247
1299
0
52
104
156
208
260
312
364
416
468
520
572
624
676
728
780
832
884
936
988
1040
1092
1144
1196
1248
1
53
105
157
209
261
313
365
417
469
521
573
625
677
729
781
833
885
937
989
1041
1093
1145
1197
1249
2
54
106
158
210
262
314
366
418
470
522
574
626
678
730
782
834
886
938
990
1042
1094
1146
1198
1250
3
55
107
159
211
263
315
367
419
471
523
575
627
679
731
783
835
887
939
991
1043
1095
1147
1199
1251
4
56
108
160
212
264
316
368
420
472
524
576
628
680
732
784
836
888
940
992
1044
1096
1148
1200
1252
5
57
109
161
213
265
317
369
421
473
525
577
629
681
733
785
837
889
941
993
1045
1097
1149
1201
1253
6
58
110
162
214
266
318
370
422
474
526
578
630
682
734
786
838
890
942
994
1046
1098
1150
1202
1254
7
59
111
163
215
267
319
371
423
475
527
579
631
683
735
787
839
891
943
995
1047
1099
1151
1203
1255
8
60
112
164
216
268
320
372
424
476
528
580
632
684
736
788
840
892
944
996
1048
1100
1152
1204
1256
9
61
113
165
217
269
321
373
425
477
529
581
633
685
737
789
841
893
945
997
1049
1101
1153
1205
1257
10
62
114
166
218
270
322
374
426
478
530
582
634
686
738
790
842
894
946
998
1050
1102
1154
1206
1258
11
63
115
167
219
271
323
375
427
479
531
583
635
687
739
791
843
895
947
999
1051
1103
1155
1207
1259
12
64
116
168
220
272
324
376
428
480
532
584
636
688
740
792
844
896
948
1000
1052
1104
1156
1208
1260
13
65
117
169
221
273
325
377
429
481
533
585
637
689
741
793
845
897
949
1001
1053
1105
1157
1209
1261
14
66
118
170
222
274
326
378
430
482
534
586
638
690
742
794
846
898
950
1002
1054
1106
1158
1210
1262
15
67
119
171
223
275
327
379
431
483
535
587
639
691
743
795
847
899
951
1003
1055
1107
1159
1211
1263
16
68
120
172
224
276
328
380
432
484
536
588
640
692
744
796
848
900
952
1004
1056
1108
1160
1212
1264
17
69
121
173
225
277
329
381
433
485
537
589
641
693
745
797
849
901
953
1005
1057
1109
1161
1213
1265
18
70
122
174
226
278
330
382
434
486
538
590
642
694
746
798
850
902
954
1006
1058
1110
1162
1214
1266
19
71
123
175
227
279
331
383
435
487
539
591
643
695
747
799
851
903
955
1007
1059
1111
1163
1215
1267
20
72
124
176
228
280
332
384
436
488
540
592
644
696
748
800
852
904
956
1008
1060
1112
1164
1216
1268
21
73
125
177
229
281
333
385
437
489
541
593
645
697
749
801
853
905
957
1009
1061
1113
1165
1217
1269
22
74
126
178
230
282
334
386
438
490
542
594
646
698
750
802
854
906
958
1010
1062
1114
1166
1218
1270
23
75
127
179
231
283
335
387
439
491
543
595
647
699
751
803
855
907
959
1011
1063
1115
1167
1219
1271
24
76
128
180
232
284
336
388
440
492
544
596
648
700
752
804
856
908
960
1012
1064
1116
1168
1220
1272
25
77
129
181
233
285
337
389
441
493
545
597
649
701
753
805
857
909
961
1013
1065
1117
1169
1221
1273
26
78
130
182
234
286
338
390
442
494
546
598
650
702
754
806
858
910
962
1014
1066
1118
1170
1222
1274
27
79
131
183
235
287
339
391
443
495
547
599
651
703
755
807
859
911
963
1015
1067
1119
1171
1223
1275
28
80
132
184
236
288
340
392
444
496
548
600
652
704
756
808
860
912
964
1016
1068
1120
1172
1224
1276
29
81
133
185
237
289
341
393
445
497
549
601
653
705
757
809
861
913
965
1017
1069
1121
1173
1225
1277
30
82
134
186
238
290
342
394
446
498
550
602
654
706
758
810
862
914
966
1018
1070
1122
1174
1226
1278
31
83
135
187
239
291
343
395
447
499
551
603
655
707
759
811
863
915
967
1019
1071
1123
1175
1227
1279
32
84
136
188
240
292
344
396
448
500
552
604
656
708
760
812
864
916
968
1020
1072
1124
1176
1228
1280
33
85
137
189
241
293
345
397
449
501
553
605
657
709
761
813
865
917
969
1021
1073
1125
1177
1229
1281
34
86
138
190
242
294
346
398
450
502
554
606
658
710
762
814
866
918
970
1022
1074
1126
1178
1230
1282
35
87
139
191
243
295
347
399
451
503
555
607
659
711
763
815
867
919
971
1023
1075
1127
1179
1231
1283
36
88
140
192
244
296
348
400
452
504
556
608
660
712
764
816
868
920
972
1024
1076
1128
1180
1232
1284
37
89
141
193
245
297
349
401
453
505
557
609
661
713
765
817
869
921
973
1025
1077
1129
1181
1233
1285
38
90
142
194
246
298
350
402
454
506
558
610
662
714
766
818
870
922
974
1026
1078
1130
1182
1234
1286
39
91
143
195
247
299
351
403
455
507
559
611
663
715
767
819
871
923
975
1027
1079
1131
1183
1235
1287
40
92
144
196
248
300
352
404
456
508
560
612
664
716
768
820
872
924
976
1028
1080
1132
1184
1236
1288
41
93
145
197
249
301
353
405
457
509
561
613
665
717
769
821
873
925
977
1029
1081
1133
1185
1237
1289
42
94
146
198
250
302
354
406
458
510
562
614
666
718
770
822
874
926
978
1030
1082
1134
1186
1238
1290
43
95
147
199
251
303
355
407
459
511
563
615
667
719
771
823
875
927
979
1031
1083
1135
1187
1239
1291
44
96
148
200
252
304
356
408
460
512
564
616
668
720
772
824
876
928
980
1032
1084
1136
1188
1240
1292
45
97
149
201
253
305
357
409
461
513
565
617
669
721
773
825
877
929
981
1033
1085
1137
1189
1241
1293
46
98
150
202
254
306
358
410
462
514
566
618
670
722
774
826
878
930
982
1034
1086
1138
1190
1242
1294
47
99
151
203
255
307
359
411
463
515
567
619
671
723
775
827
879
931
983
1035
1087
1139
1191
1243
1295
48
100
152
204
256
308
360
412
464
516
568
620
672
724
776
828
880
932
984
1036
1088
1140
1192
1244
1296
49
101
153
205
257
309
361
413
465
517
569
621
673
725
777
829
881
933
985
1037
1089
1141
1193
1245
1297
50
102
154
206
258
310
362
414
466
518
570
622
674
726
778
830
882
934
986
1038
1090
1142
1194
1246
1298
51
103
155
207
259
311
363
415
467
519
571
623
675
727
779
831
883
935
987
1039
1091
1143
1195
1247
1299
0
52
104
156
208
260
312
364
416
468
520
572
624
676
728
780
832
884
936
988
1040
1092
1144
1196
1248
51
103
155
207
259
311
363
415
467
519
571
623
675
727
779
831
883
935
987
1039
1091
1143
1195
1247
1299
1248
1249
1250
1251
1252
1253
1254
1255
1256
1257
1258
1259
1260
1261
1262
1263
1264
1265
1266
1267
1268
1269
1270
1271
1272
1273
1274
1275
1276
1277
1278
1279
1280
1281
1282
1283
1284
1285
1286
1287
1288
1289
1290
1291
1292
1293
1294
1295
1296
1297
1298
1299
0
1
2
3
4
5
6
7
8
9
10
11
12
13
14
15
16
17
18
19
20
21
22
23
24
25
26
27
28
29
30
31
32
33
34
35
36
37
38
39
40
41
42
43
44
45
46
47
48
49
50
51
)


// ************************************************************************* //
